# Pomiary radaru CN0566
# Data: 2025-07-11 12:07:34
# Częstotliwość: 10.394 GHz
# d/λ = 0.485
# Kolumny: Pomiar, Kąt_Final, Kąt_Fazowy, Kąt_MLE, Korelacja, Metoda
  1   36.07   36.07  -35.94  1.001 PHASE
  2   36.01   36.01  -32.52  1.000 PHASE
  3   35.93   35.93  -35.23  1.000 PHASE
  4   35.85   35.85  -35.82  1.001 PHASE
  5   35.74   35.74  -35.46  1.000 PHASE
  6   35.61   35.61  -36.24  1.001 PHASE
  7   35.54   35.54  -35.02  1.000 PHASE
  8   35.42   35.42  -35.92  1.001 PHASE
  9   35.36   35.36  -35.08  1.001 PHASE
 10   35.25   35.25  -35.01  1.002 PHASE
 11   35.19   35.19  -35.08  1.003 PHASE
 12   35.09   35.09  -38.64  1.000 PHASE
 13   35.03   35.03  -35.14  1.002 PHASE
 14   34.93   34.93  -34.80  1.001 PHASE
 15   34.83   34.83  -34.76  1.001 PHASE
 16   34.71   34.71  -34.65  1.001 PHASE
 17   34.64   34.64  -34.87  1.002 PHASE
 18   34.54   34.54  -34.74  1.002 PHASE
 19   34.46   34.46  -34.69  1.001 PHASE
 20   34.38   34.38  -34.63  1.002 PHASE
 21   34.30   34.30  -34.79  1.002 PHASE
 22   34.18   34.18  -34.64  1.001 PHASE
 23   34.12   34.12  -34.10  1.003 PHASE
 24   34.01   34.01  -34.49  1.001 PHASE
 25   33.93   33.93  -34.16  1.001 PHASE
 26   33.82   33.82  -33.92  1.001 PHASE
 27   33.70   33.70  -33.53  1.002 PHASE
 28   33.62   33.62  -33.72  1.002 PHASE
 29   33.57   33.57  -33.74  1.001 PHASE
 30   33.43   33.43  -33.80  1.000 PHASE
