# Pomiary radaru CN0566 - rozszerzone metody
# Data: 2025-07-11 13:03:53
# Częstotliwość: 10.394 GHz
# Rozmiar kroku: 0.2 mm
# Estymowane współrzędne celu: (0.010, -0.000) m
# Kąt z estymacji współrzędnych: -179.75°
# Kąt z Synthetic Aperture: -0.00°
# Kolumny: Pomiar, Pozycja[m], Kąt_Podstawowy, Kąt_MLE, Kąt_Estym_Współrz, Kąt_SA
  1  0.00000    4.53   -4.15   -0.32   -0.00
  2  0.00020    4.51   -0.65   -0.32   -0.00
  3  0.00040    4.36   -4.99   -0.33   -0.00
  4  0.00060    4.52   -4.40   -0.34   -0.00
  5  0.00080    4.49   -7.84   -0.35   -0.00
  6  0.00100    4.34   -5.97   -0.35   -0.00
  7  0.00120    4.24   -2.42   -0.36   -0.00
  8  0.00140    4.08   -4.45   -0.37   -0.00
  9  0.00160    3.99   -3.68   -0.38   -0.00
 10  0.00180    3.91   -3.90   -0.39   -0.00
 11  0.00200    3.86   -4.35   -0.40   -0.00
 12  0.00220    3.81   -3.96   -0.41   -0.00
 13  0.00240    3.73   -4.19   -0.42   -0.00
 14  0.00260    3.67   -2.57   -0.43   -0.00
 15  0.00280    3.62   -2.88   -0.44   -0.00
 16  0.00300    3.54   -3.97   -0.45   -0.00
 17  0.00320    3.45   -3.52   -0.47   -0.00
 18  0.00340    3.42   -3.74   -0.48   -0.00
 19  0.00360    3.26   -4.40   -0.50   -0.00
 20  0.00380    3.15   -2.43   -0.51   -0.00
 21  0.00400    3.10   -1.89   -0.53   -0.00
 22  0.00420    2.98   -2.95   -0.55   -0.00
 23  0.00440    3.02   -3.38   -0.57   -0.00
 24  0.00460    2.80    1.71   -0.59   -0.00
 25  0.00480    2.47   -3.28   -0.61   -0.00
 26  0.00500    2.05   -2.34   -0.63   -0.00
 27  0.00520    2.55   -3.39   -0.66   -0.00
 28  0.00540    2.71   -1.85   -0.69   -0.00
 29  0.00560    2.56   -1.49   -0.72   -0.00
 30  0.00580    2.46   -4.10   -0.75   -0.00
 31  0.00600    2.11   -1.12   -0.79   -0.00
 32  0.00620    2.66   -5.64   -0.83   -0.00
 33  0.00640    2.44   -3.68   -0.88   -0.00
 34  0.00660   -0.20    0.28   -0.93   -0.00
 35  0.00680   -0.46    0.76   -0.98   -0.00
 36  0.00700   -0.56    0.49   -1.05   -0.00
 37  0.00720   -0.72    0.00   -1.12   -0.00
 38  0.00740   -0.75    0.70   -1.21   -0.00
 39  0.00760   -0.75    1.23   -1.30   -0.00
 40  0.00780   -0.93   -0.16   -1.42   -0.00
 41  0.00800   -0.93    1.40   -1.56   -0.00
 42  0.00820   -1.02    0.55   -1.73   -0.00
 43  0.00840   -1.10    2.00   -1.94   -0.00
 44  0.00860   -1.19    0.91   -2.20   -0.00
 45  0.00880   -1.23    0.60   -2.55   -0.00
 46  0.00900   -1.32    2.12   -3.04   -0.00
 47  0.00920   -1.38    1.88   -3.75   -0.00
 48  0.00940   -1.53    1.68   -4.90   -0.00
 49  0.00960   -1.60    2.17   -7.05   -0.00
 50  0.00980   -1.83    2.24  -12.53   -0.00
 51  0.01000   -2.28    2.06  -47.49   -0.00
 52  0.01020   -2.21    2.50 -159.44   -0.00
 53  0.01040   -2.22    2.75 -170.91   -0.00
 54  0.01060   -2.32    2.66 -174.19   -0.00
 55  0.01080   -2.51    2.39 -175.74   -0.00
 56  0.01100   -2.58    0.17 -176.63   -0.00
 57  0.01120   -2.67    1.10 -177.22   -0.00
 58  0.01140   -2.60    2.48 -177.63   -0.00
 59  0.01160   -2.82    3.09 -177.94   -0.00
 60  0.01180   -2.98    3.63 -178.17   -0.00
 61  0.01200   -2.83    2.39 -178.36   -0.00
 62  0.01220   -3.27    2.15 -178.51   -0.00
 63  0.01240   -3.33    3.20 -178.64   -0.00
 64  0.01260   -3.72    4.98 -178.75   -0.00
 65  0.01280   -3.93    4.28 -178.84   -0.00
 66  0.01300   -4.12    4.32 -178.92   -0.00
 67  0.01320   -4.20    5.31 -178.98   -0.00
 68  0.01340   -4.42    5.04 -179.04   -0.00
 69  0.01360   -4.49    3.82 -179.10   -0.00
 70  0.01380   -4.76    6.07 -179.15   -0.00
 71  0.01400   -4.88    6.22 -179.19   -0.00
 72  0.01420   -4.96    5.01 -179.23   -0.00
 73  0.01440   -5.09    7.25 -179.26   -0.00
 74  0.01460   -5.21    6.60 -179.30   -0.00
 75  0.01480   -5.23    6.07 -179.33   -0.00
 76  0.01500   -5.17    8.25 -179.35   -0.00
 77  0.01520   -5.08    4.01 -179.38   -0.00
 78  0.01540   -4.94    4.52 -179.40   -0.00
 79  0.01560   -4.30    3.97 -179.42   -0.00
 80  0.01580   -4.30    4.49 -179.44   -0.00
 81  0.01600   -4.50    4.31 -179.46   -0.00
 82  0.01620   -4.67    4.53 -179.48   -0.00
 83  0.01640   -4.61    4.96 -179.50   -0.00
 84  0.01660   -4.67    3.16 -179.51   -0.00
 85  0.01680   -4.58    3.32 -179.53   -0.00
 86  0.01700   -4.96    5.90 -179.54   -0.00
 87  0.01720   -4.85    3.05 -179.55   -0.00
 88  0.01740   -4.88    4.92 -179.56   -0.00
 89  0.01760   -4.90    5.09 -179.58   -0.00
 90  0.01780   -5.01    5.10 -179.59   -0.00
 91  0.01800   -5.09    4.88 -179.60   -0.00
 92  0.01820   -5.15    4.68 -179.61   -0.00
 93  0.01840   -5.10    5.18 -179.62   -0.00
 94  0.01860   -5.23    4.56 -179.63   -0.00
 95  0.01880   -5.20    4.52 -179.63   -0.00
 96  0.01900   -5.23    5.04 -179.64   -0.00
 97  0.01920   -5.47    5.94 -179.65   -0.00
 98  0.01940   -5.59    6.01 -179.66   -0.00
 99  0.01960   -5.46    4.91 -179.67   -0.00
100  0.01980   -5.87    7.29 -179.67   -0.00
101  0.02000   -5.95    5.74 -179.68   -0.00
102  0.02020   -5.80    5.62 -179.68   -0.00
103  0.02040   -5.90    3.11 -179.69   -0.00
104  0.02060   -5.99    0.33 -179.70   -0.00
105  0.02080   -6.03    5.78 -179.70   -0.00
106  0.02100   -6.18    7.27 -179.71   -0.00
107  0.02120   -6.35    7.47 -179.71   -0.00
108  0.02140   -6.38   14.32 -179.72   -0.00
109  0.02160   -6.44    6.08 -179.72   -0.00
110  0.02180   -6.51    6.36 -179.73   -0.00
111  0.02200   -6.62    7.12 -179.73   -0.00
112  0.02220   -6.63    8.58 -179.74   -0.00
113  0.02240   -6.72    5.61 -179.74   -0.00
114  0.02260   -6.86    8.15 -179.75   -0.00
115  0.02280   -6.96    7.85 -179.75   -0.00
116  0.02300   -7.06    6.64 -179.75   -0.00
117  0.02320   -7.16    6.90 -179.76   -0.00
118  0.02340   -7.27    7.49 -179.76   -0.00
119  0.02360   -7.31    9.68 -179.76   -0.00
120  0.02380   -7.49    7.47 -179.77   -0.00
121  0.02400   -7.52    6.68 -179.77   -0.00
122  0.02420   -7.69    8.10 -179.77   -0.00
123  0.02440   -7.71    7.49 -179.78   -0.00
124  0.02460   -7.83    7.48 -179.78   -0.00
125  0.02480   -7.89    8.14 -179.78   -0.00
126  0.02500   -8.02    8.10 -179.79   -0.00
127  0.02520   -8.14    7.35 -179.79   -0.00
128  0.02540   -8.22   13.64 -179.79   -0.00
129  0.02560   -8.29    8.58 -179.79   -0.00
130  0.02580   -8.43    9.19 -179.80   -0.00
131  0.02600   -8.56    8.49 -179.80   -0.00
132  0.02620   -8.77    7.01 -179.80   -0.00
133  0.02640   -8.46    8.95 -179.80   -0.00
134  0.02660   -8.53    9.22 -179.81   -0.00
135  0.02680   -8.90   10.89 -179.81   -0.00
136  0.02700   -8.82    9.54 -179.81   -0.00
137  0.02720   -8.89    9.21 -179.81   -0.00
138  0.02740   -8.99    8.09 -179.82   -0.00
139  0.02760   -9.12    8.91 -179.82   -0.00
140  0.02780   -9.24    9.45 -179.82   -0.00
141  0.02800   -9.33   10.44 -179.82   -0.00
142  0.02820   -9.41    8.87 -179.82   -0.00
143  0.02840   -9.52    9.85 -179.83   -0.00
144  0.02860   -9.60    6.93 -179.83   -0.00
145  0.02880   -9.62   10.23 -179.83   -0.00
146  0.02900   -9.76    9.56 -179.83   -0.00
147  0.02920   -9.86   12.62 -179.83   -0.00
148  0.02940   -9.95    4.41 -179.83   -0.00
149  0.02960  -10.01   19.09 -179.84   -0.00
150  0.02980  -10.10   10.79 -179.84   -0.00
151  0.03000  -10.06   10.51 -179.84   -0.00
152  0.03020   -9.99    9.70 -179.84   -0.00
153  0.03040   -9.94   10.28 -179.84   -0.00
154  0.03060  -10.18    9.75 -179.84   -0.00
155  0.03080  -10.32   10.52 -179.85   -0.00
156  0.03100  -10.47   10.94 -179.85   -0.00
157  0.03120  -10.38    9.28 -179.85   -0.00
158  0.03140  -10.52   10.98 -179.85   -0.00
159  0.03160  -10.60    9.23 -179.85   -0.00
160  0.03180  -10.61   10.89 -179.85   -0.00
161  0.03200  -10.83   11.16 -179.85   -0.00
162  0.03220  -10.89    9.38 -179.86   -0.00
163  0.03240  -10.97   12.44 -179.86   -0.00
164  0.03260  -10.89   10.43 -179.86   -0.00
165  0.03280  -11.12   11.00 -179.86   -0.00
166  0.03300  -11.08    9.26 -179.86   -0.00
167  0.03320  -11.17   11.11 -179.86   -0.00
168  0.03340  -11.18   11.21 -179.86   -0.00
169  0.03360  -11.34   12.01 -179.86   -0.00
170  0.03380  -11.32   11.62 -179.87   -0.00
171  0.03400  -11.38   11.60 -179.87   -0.00
172  0.03420  -11.45   10.93 -179.87   -0.00
173  0.03440  -11.58   16.61 -179.87   -0.00
174  0.03460  -11.69   11.59 -179.87   -0.00
175  0.03480  -11.77   17.60 -179.87   -0.00
176  0.03500  -11.77   10.07 -179.87   -0.00
177  0.03520  -11.74   10.71 -179.87   -0.00
178  0.03540  -11.88   14.85 -179.87   -0.00
179  0.03560  -11.93   12.79 -179.87   -0.00
180  0.03580  -12.05   11.50 -179.88   -0.00
181  0.03600  -12.18   11.90 -179.88   -0.00
182  0.03620  -12.19   14.92 -179.88   -0.00
183  0.03640  -12.26   11.54 -179.88   -0.00
184  0.03660  -12.28   11.86 -179.88   -0.00
185  0.03680  -12.30   12.81 -179.88   -0.00
186  0.03700  -12.41   11.32 -179.88   -0.00
187  0.03720  -12.39   12.62 -179.88   -0.00
188  0.03740  -12.56   13.32 -179.88   -0.00
189  0.03760  -12.53   13.33 -179.88   -0.00
190  0.03780  -12.62   17.20 -179.88   -0.00
191  0.03800  -12.64    9.29 -179.89   -0.00
192  0.03820  -12.63   13.22 -179.89   -0.00
193  0.03840  -12.73   13.05 -179.89   -0.00
194  0.03860  -12.77   10.62 -179.89   -0.00
195  0.03880  -12.80   12.75 -179.89   -0.00
196  0.03900  -12.95   13.79 -179.89   -0.00
197  0.03920  -12.97   14.71 -179.89   -0.00
198  0.03940  -13.10   14.24 -179.89   -0.00
199  0.03960  -13.16   12.51 -179.89   -0.00
200  0.03980  -13.21   17.28 -179.89   -0.00
201  0.04000  -13.31   13.17 -179.89   -0.00
202  0.04020  -13.33    8.66 -179.89   -0.00
203  0.04040  -13.37   13.28 -179.89   -0.00
204  0.04060  -13.45   12.21 -179.90   -0.00
205  0.04080  -13.52   14.27 -179.90   -0.00
206  0.04100  -13.57   10.86 -179.90   -0.00
207  0.04120  -13.68   13.86 -179.90   -0.00
208  0.04140  -13.79   13.63 -179.90   -0.00
209  0.04160  -13.79   11.35 -179.90   -0.00
210  0.04180  -13.85   13.75 -179.90   -0.00
211  0.04200  -13.98   12.15 -179.90   -0.00
212  0.04220  -14.10   15.67 -179.90   -0.00
213  0.04240  -14.02   13.21 -179.90   -0.00
214  0.04260  -14.11   16.76 -179.90   -0.00
215  0.04280  -13.88   14.29 -179.90   -0.00
216  0.04300  -13.94   13.47 -179.90   -0.00
217  0.04320  -14.05   14.12 -179.90   -0.00
218  0.04340  -14.07   13.92 -179.90   -0.00
219  0.04360  -14.14   13.55 -179.90   -0.00
220  0.04380  -14.15   16.38 -179.91   -0.00
221  0.04400  -14.33   13.64 -179.91   -0.00
222  0.04420  -14.25   14.53 -179.91   -0.00
223  0.04440  -14.27   13.51 -179.91   -0.00
224  0.04460  -14.35   14.47 -179.91   -0.00
225  0.04480  -14.46   14.74 -179.91   -0.00
226  0.04500  -14.48   14.26 -179.91   -0.00
227  0.04520  -14.64   13.71 -179.91   -0.00
228  0.04540  -14.71   10.41 -179.91   -0.00
229  0.04560  -14.68   15.01 -179.91   -0.00
230  0.04580  -14.71   14.33 -179.91   -0.00
231  0.04600  -14.81   15.92 -179.91   -0.00
232  0.04620  -14.97   16.38 -179.91   -0.00
233  0.04640  -15.08   15.70 -179.91   -0.00
234  0.04660  -15.01   14.96 -179.91   -0.00
235  0.04680  -15.08   14.54 -179.91   -0.00
236  0.04700  -15.22  -10.97 -179.91   -0.00
237  0.04720  -15.19   15.80 -179.91   -0.00
238  0.04740  -15.17   16.29 -179.91   -0.00
239  0.04760  -15.28   16.78 -179.91   -0.00
240  0.04780  -15.37   16.79 -179.92   -0.00
241  0.04800  -15.39   15.43 -179.92   -0.00
242  0.04820  -15.41   13.05 -179.92   -0.00
243  0.04840  -15.37   15.84 -179.92   -0.00
244  0.04860  -15.55   17.19 -179.92   -0.00
245  0.04880  -15.83   16.77 -179.92   -0.00
246  0.04900  -15.89   15.63 -179.92   -0.00
247  0.04920  -15.86   16.19 -179.92   -0.00
248  0.04940  -15.87   15.71 -179.92   -0.00
249  0.04960  -15.92   19.47 -179.92   -0.00
250  0.04980  -15.93   18.63 -179.92   -0.00
251  0.05000  -16.07   15.95 -179.92   -0.00
252  0.05020  -16.15   15.66 -179.92   -0.00
253  0.05040  -16.19   19.85 -179.92   -0.00
254  0.05060  -16.27   17.91 -179.92   -0.00
255  0.05080  -16.37   16.65 -179.92   -0.00
256  0.05100  -16.45   16.13 -179.92   -0.00
257  0.05120  -16.50   16.90 -179.92   -0.00
258  0.05140  -16.58   17.65 -179.92   -0.00
259  0.05160  -16.62   17.19 -179.92   -0.00
260  0.05180  -16.68   21.02 -179.92   -0.00
261  0.05200  -16.74   18.74 -179.92   -0.00
262  0.05220  -16.81   19.77 -179.92   -0.00
263  0.05240  -16.88   16.64 -179.92   -0.00
264  0.05260  -16.93   16.42 -179.92   -0.00
265  0.05280  -17.01   17.24 -179.93   -0.00
266  0.05300  -17.08   18.84 -179.93   -0.00
267  0.05320  -17.10   18.19 -179.93   -0.00
268  0.05340  -17.11   16.87 -179.93   -0.00
269  0.05360  -17.16   18.29 -179.93   -0.00
270  0.05380  -17.33   18.62 -179.93   -0.00
271  0.05400  -17.36   17.25 -179.93   -0.00
272  0.05420  -17.42   15.83 -179.93   -0.00
273  0.05440  -17.48   17.49 -179.93   -0.00
274  0.05460  -17.56   17.91 -179.93   -0.00
275  0.05480  -17.63   16.88 -179.93   -0.00
276  0.05500  -17.74   16.43 -179.93   -0.00
277  0.05520  -17.84   18.14 -179.93   -0.00
278  0.05540  -17.86   17.86 -179.93   -0.00
279  0.05560  -17.90   17.54 -179.93   -0.00
280  0.05580  -18.05   17.62 -179.93   -0.00
281  0.05600  -18.03   18.44 -179.93   -0.00
282  0.05620  -18.08   18.63 -179.93   -0.00
283  0.05640  -18.06   16.68 -179.93   -0.00
284  0.05660  -18.26   20.17 -179.93   -0.00
285  0.05680  -18.29   14.81 -179.93   -0.00
286  0.05700  -18.33   20.10 -179.93   -0.00
287  0.05720  -18.35   17.52 -179.93   -0.00
288  0.05740  -18.44   15.28 -179.93   -0.00
289  0.05760  -18.51   18.63 -179.93   -0.00
290  0.05780  -18.56   15.86 -179.93   -0.00
291  0.05800  -18.59   23.09 -179.93   -0.00
292  0.05820  -18.65   12.29 -179.93   -0.00
293  0.05840  -18.76   20.01 -179.93   -0.00
294  0.05860  -18.83   20.05 -179.93   -0.00
295  0.05880  -18.98   16.45 -179.93   -0.00
296  0.05900  -19.05   19.85 -179.93   -0.00
297  0.05920  -19.17   19.75 -179.93   -0.00
298  0.05940  -19.28   18.17 -179.94   -0.00
299  0.05960  -19.38   19.80 -179.94   -0.00
300  0.05980  -19.37   19.53 -179.94   -0.00
