# Pomiary radaru CN0566
# Data: 2025-07-11 12:15:52
# Częstotliwość: 10.394 GHz
# d/λ = 0.485
# Kolumny: Pomiar, Kąt_Final, Kąt_Fazowy, Kąt_MLE, Korelacja, Metoda
  1   43.07   43.07  -44.92  1.000 PHASE
  2   43.04   43.04  -43.88  0.998 PHASE
  3   42.78   42.78  -44.59  0.998 PHASE
  4   42.64   42.64  -43.24  0.997 PHASE
  5   42.80   42.80  -42.35  1.000 PHASE
  6   42.70   42.70  -44.49  0.996 PHASE
  7   42.75   42.75  -40.59  0.997 PHASE
  8   42.61   42.61  -43.63  1.000 PHASE
  9   42.91   42.91  -41.97  0.995 PHASE
 10   43.06   43.06  -41.82  0.996 PHASE
 11   42.98   42.98  -43.88  0.997 PHASE
 12   43.04   43.04  -44.68  0.997 PHASE
 13   43.10   43.10  -42.78  0.996 PHASE
 14   43.37   43.37  -45.63  0.997 PHASE
 15   43.24   43.24  -41.52  0.995 PHASE
 16   43.69   43.69  -43.70  0.997 PHASE
 17   43.83   43.83  -43.75  0.996 PHASE
 18   43.98   43.98  -45.58  1.000 PHASE
 19   43.98   43.98  -45.19  0.997 PHASE
 20   43.69   43.69  -42.76  0.999 PHASE
 21   44.00   44.00  -44.07  0.997 PHASE
 22   44.49   44.49  -43.52  0.995 PHASE
 23   44.02   44.02  -43.36  1.003 PHASE
 24   44.22   44.22  -43.87  0.999 PHASE
 25   43.12   43.12  -42.63  6.026 PHASE
 26   44.29   44.29  -44.38  1.004 PHASE
 27   44.40   44.40  -46.73  0.996 PHASE
 28   44.50   44.50  -45.72  1.007 PHASE
 29   44.70   44.70  -46.90  1.000 PHASE
 30   45.11   45.11  -45.73  0.999 PHASE
 31   44.72   44.72  -45.25  1.001 PHASE
 32   44.86   44.86  -45.82  1.003 PHASE
 33   45.09   45.09  -47.75  1.005 PHASE
 34   45.00   45.00  -44.09  0.999 PHASE
 35   45.44   45.44  -44.82  1.000 PHASE
 36   45.44   45.44  -43.87  0.999 PHASE
 37   45.35   45.35  -40.80  0.995 PHASE
 38   45.47   45.47  -43.92  0.996 PHASE
 39   45.55   45.55  -47.42  0.996 PHASE
 40   45.86   45.86  -43.67  0.998 PHASE
 41   45.73   45.73  -44.07  0.995 PHASE
 42   45.87   45.87  -42.97  0.996 PHASE
 43   46.04   46.04  -45.22  0.995 PHASE
 44   46.07   46.07  -42.35  0.995 PHASE
 45   46.37   46.37  -47.77  0.997 PHASE
 46   46.21   46.21  -45.79  0.998 PHASE
 47   46.39   46.39  -45.86  0.997 PHASE
 48   46.42   46.42  -44.53  0.995 PHASE
 49   46.65   46.65  -47.37  0.996 PHASE
 50   46.47   46.47  -46.92  0.997 PHASE
 51   46.81   46.81  -49.06  0.999 PHASE
 52   46.66   46.66  -45.65  0.999 PHASE
 53   47.06   47.06  -44.45  0.999 PHASE
 54   46.73   46.73  -44.21  0.997 PHASE
 55   47.40   47.40  -47.69  0.997 PHASE
 56   46.90   46.90  -45.96  0.999 PHASE
 57   47.36   47.36  -45.61  0.997 PHASE
 58   47.31   47.31  -48.23  0.997 PHASE
 59   47.33   47.33  -45.52  0.999 PHASE
 60   47.45   47.45  -48.67  0.999 PHASE
 61   47.41   47.41  -44.90  0.997 PHASE
 62   47.49   47.49  -50.62  0.996 PHASE
 63   47.52   47.52  -49.77  0.998 PHASE
 64   47.77   47.77  -48.07  0.995 PHASE
 65   47.74   47.74  -46.90  0.997 PHASE
 66   48.01   48.01  -48.36  0.995 PHASE
 67   48.25   48.25  -45.48  0.996 PHASE
 68   48.28   48.28  -45.96  0.997 PHASE
 69   47.99   47.99  -48.93  0.997 PHASE
 70   48.21   48.21  -47.74  0.996 PHASE
 71   48.34   48.34  -48.52  0.996 PHASE
 72   48.71   48.71  -47.36  0.996 PHASE
 73   48.57   48.57  -39.44  0.995 PHASE
 74   48.58   48.58  -46.00  0.999 PHASE
 75   48.49   48.49  -47.82  0.999 PHASE
 76   48.84   48.84  -51.36  0.995 PHASE
 77   48.93   48.93  -48.88  0.996 PHASE
 78   49.05   49.05  -49.54  0.995 PHASE
 79   49.22   49.22  -50.01  0.995 PHASE
 80   49.10   49.10  -50.15  0.996 PHASE
 81   49.25   49.25  -51.35  0.996 PHASE
 82   49.40   49.40  -46.53  0.998 PHASE
 83   49.54   49.54  -50.02  0.998 PHASE
 84   49.38   49.38  -47.48  0.998 PHASE
 85   49.60   49.60  -44.50  0.995 PHASE
 86   49.68   49.68  -47.99  0.997 PHASE
 87   49.96   49.96  -50.68  0.996 PHASE
 88   49.65   49.65  -48.17  0.997 PHASE
 89   50.28   50.28  -52.84  0.995 PHASE
 90   49.81   49.81  -51.51  0.996 PHASE
 91   50.51   50.51  -47.32  0.995 PHASE
 92   49.97   49.97  -51.32  0.999 PHASE
 93   50.45   50.45  -47.89  0.999 PHASE
 94   50.13   50.13  -52.27  1.002 PHASE
 95   50.30   50.30  -51.60  0.999 PHASE
 96   50.84   50.84  -50.15  0.998 PHASE
 97   51.07   51.07  -49.92  1.001 PHASE
 98   51.19   51.19  -48.79  0.999 PHASE
 99   51.04   51.04  -50.34  0.998 PHASE
100   51.01   51.01  -49.56  0.998 PHASE
101   51.29   51.29  -53.73  0.999 PHASE
102   51.11   51.11  -54.09  1.002 PHASE
103   51.44   51.44  -47.36  0.997 PHASE
104   51.36   51.36  -50.97  0.995 PHASE
105   51.59   51.59  -52.09  0.997 PHASE
106   51.86   51.86  -54.27  0.997 PHASE
107   51.88   51.88  -53.40  0.999 PHASE
108   51.41   51.41  -50.75  1.001 PHASE
109   52.21   52.21  -50.02  0.999 PHASE
110   51.92   51.92  -50.25  0.999 PHASE
111   52.17   52.17  -53.77  0.998 PHASE
112   51.99   51.99  -54.61  1.001 PHASE
113   52.56   52.56  -53.04  1.000 PHASE
114   52.67   52.67  -52.61  0.997 PHASE
115   52.54   52.54  -55.01  1.000 PHASE
116   53.02   53.02  -51.31  1.000 PHASE
117   52.40   52.40  -53.03  0.997 PHASE
118   53.11   53.11  -54.90  0.997 PHASE
119   52.64   52.64  -51.59  1.002 PHASE
120   52.61   52.61  -50.06  0.998 PHASE
121   53.01   53.01  -54.19  1.000 PHASE
122   52.80   52.80  -54.90  0.997 PHASE
123   52.92   52.92  -51.90  1.010 PHASE
124   53.09   53.09  -50.49  1.000 PHASE
125   53.42   53.42  -54.37  1.001 PHASE
126   53.49   53.49  -52.14  1.019 PHASE
127   53.26   53.26  -56.69  1.001 PHASE
128   53.62   53.62  -55.03  1.002 PHASE
129   53.59   53.59  -55.92  0.998 PHASE
130   54.04   54.04  -53.01  0.999 PHASE
131   53.91   53.91  -51.16  1.004 PHASE
132   53.54   53.54  -50.79  1.021 PHASE
133   53.85   53.85  -50.96  1.002 PHASE
134   54.49   54.49  -52.92  1.004 PHASE
135   58.55   58.55  -58.37  1.006 PHASE
136   58.49   58.49  -59.69  1.007 PHASE
137   58.66   58.66  -56.53  1.005 PHASE
138   57.01   57.01  -56.70 11.831 PHASE
139   58.28   58.28  -58.40  0.999 PHASE
140   58.33   58.33  -60.00  1.007 PHASE
141   58.20   58.20  -56.06  1.005 PHASE
142   58.14   58.14  -58.71  0.999 PHASE
143   58.01   58.01  -59.20  0.998 PHASE
144   57.44   57.44  -59.50  1.005 PHASE
145   57.15   57.15  -58.20  1.013 PHASE
146   56.90   56.90  -53.51  0.997 PHASE
147   56.70   56.70  -54.12  1.008 PHASE
148   56.46   56.46  -55.08  1.003 PHASE
149   56.07   56.07  -55.86  0.996 PHASE
150   56.20   56.20  -55.95  1.000 PHASE
151   55.61   55.61  -58.86  0.997 PHASE
152   60.55   60.55  -60.65  1.000 PHASE
153   55.95   55.95  -58.83  0.996 PHASE
154   56.24   56.24  -59.54  0.997 PHASE
155   56.08   56.08  -53.79  1.004 PHASE
156   56.26   56.26  -53.42  0.997 PHASE
157   56.88   56.88  -57.08  0.995 PHASE
158   56.58   56.58  -56.21  1.005 PHASE
159   56.52   56.52  -54.75  1.056 PHASE
160   57.85   57.85  -56.55  1.030 PHASE
161   58.04   58.04  -60.22  1.048 PHASE
162   58.23   58.23  -60.63  1.036 PHASE
163   57.09   57.09  -54.21  1.000 PHASE
164   57.64   57.64  -60.11  1.058 PHASE
165   57.61   57.61  -55.59  1.017 PHASE
166   57.84   57.84  -60.67  1.061 PHASE
167   57.39   57.39  -57.58  1.039 PHASE
168   57.33   57.33  -54.41  1.063 PHASE
169   58.02   58.02  -54.84  1.035 PHASE
170   57.94   57.94  -55.66  1.035 PHASE
171   58.12   58.12  -61.07  1.009 PHASE
172   58.56   58.56  -59.48  1.042 PHASE
173   58.69   58.69  -58.78  1.037 PHASE
174   58.27   58.27  -56.94  1.045 PHASE
175   58.53   58.53  -58.90  1.046 PHASE
176   58.38   58.38  -58.35  1.018 PHASE
177   58.80   58.80  -55.58  1.030 PHASE
178   58.80   58.80  -62.38  1.038 PHASE
179   59.39   59.39  -62.30  1.064 PHASE
180   59.12   59.12  -57.70  1.022 PHASE
181   59.06   59.06  -63.43  1.005 PHASE
182   59.44   59.44  -55.93  0.997 PHASE
183   59.51   59.51  -60.41  1.033 PHASE
184   59.51   59.51  -56.29  1.015 PHASE
185   59.41   59.41  -63.14  1.024 PHASE
186   59.68   59.68  -58.58  0.996 PHASE
187   60.41   60.41  -61.85  1.001 PHASE
188   60.40   60.40  -59.37  1.035 PHASE
189   61.39   61.39  -59.31  1.010 PHASE
190   61.60   61.60  -61.17  1.000 PHASE
191   61.26   61.26  -63.78  1.012 PHASE
192   61.73   61.73  -59.57  1.487 PHASE
193   60.72   60.72  -61.04  1.031 PHASE
194   61.10   61.10  -63.59  1.006 PHASE
195   62.57   62.57  -60.43  1.444 PHASE
196   63.56   63.56  -63.67  1.007 PHASE
197   63.24   63.24  -62.69  1.229 PHASE
198   64.95   64.95  -63.70  1.010 PHASE
199   64.58   64.58  -64.94  2.072 PHASE
200   63.75   63.75  -63.78 15.205 PHASE
