# Pomiary radaru CN0566
# Data: 2025-07-11 12:25:52
# Częstotliwość: 10.394 GHz
# d/λ = 0.485
# Kolumny: Pomiar, Kąt_Final, Kąt_Fazowy, Kąt_MLE, Korelacja, Metoda
  1   50.59   50.59  -53.30  1.023 PHASE
  2   50.60   50.60  -48.21  1.009 PHASE
  3   50.21   50.21  -47.86  1.003 PHASE
  4   50.22   50.22  -48.04  0.999 PHASE
  5   53.45   53.45  -51.78  0.998 PHASE
  6   53.73   53.73  -52.18  1.005 PHASE
  7   53.55   53.55  -51.76  1.008 PHASE
  8   52.37   52.37  -51.25  0.997 PHASE
  9   52.01   52.01  -53.17  0.997 PHASE
 10   53.01   53.01  -53.77  1.047 PHASE
 11   53.20   53.20  -52.68  1.004 PHASE
 12   53.15   53.15  -50.86  1.030 PHASE
 13   52.77   52.77  -50.46  0.997 PHASE
 14   53.31   53.31  -52.51  1.004 PHASE
 15   53.24   53.24  -50.89  1.054 PHASE
 16   52.83   52.83  -51.28  1.009 PHASE
 17   52.35   52.35  -51.81  1.001 PHASE
 18   56.69   56.69  -56.25  1.354 PHASE
 19   53.31   53.31  -53.19  1.008 PHASE
 20   56.29   56.29  -53.97  0.999 PHASE
 21   56.56   56.56  -56.87  1.013 PHASE
 22   57.07   57.07  -55.50  1.008 PHASE
 23   56.94   56.94  -58.54  1.017 PHASE
 24   56.93   56.93  -56.89  1.010 PHASE
 25   56.95   56.95  -56.96  0.999 PHASE
 26   56.14   56.14  -55.22  1.003 PHASE
 27   57.49   57.49  -56.56  0.999 PHASE
 28   57.50   57.50  -57.71  1.000 PHASE
 29   57.57   57.57  -58.73  1.000 PHASE
 30   57.75   57.75  -57.80  1.013 PHASE
 31   58.06   58.06  -56.82  1.004 PHASE
 32   57.95   57.95  -56.06  1.006 PHASE
 33   58.13   58.13  -59.40  0.999 PHASE
 34   58.38   58.38  -58.37  0.999 PHASE
 35   57.21   57.21  -56.03  0.998 PHASE
 36   58.65   58.65  -59.63  1.000 PHASE
 37   58.73   58.73  -58.39  0.999 PHASE
 38   58.69   58.69  -58.47  1.010 PHASE
 39   58.87   58.87  -57.02  1.002 PHASE
 40   59.19   59.19  -60.29  1.002 PHASE
 41   58.99   58.99  -57.64  1.003 PHASE
 42   59.24   59.24  -59.79  1.005 PHASE
 43   59.50   59.50  -59.06  1.007 PHASE
 44   59.68   59.68  -58.57  1.010 PHASE
 45   59.83   59.83  -61.39  1.001 PHASE
 46   59.98   59.98  -59.07  1.000 PHASE
 47   56.37   56.37  -54.68  1.009 PHASE
 48   58.26   58.26  -58.04  1.003 PHASE
 49   58.55   58.55  -58.57  1.007 PHASE
 50   58.65   58.65  -58.67  1.002 PHASE
 51   58.91   58.91  -59.02  1.008 PHASE
 52   58.87   58.87  -59.01  1.009 PHASE
 53   58.35   58.35  -58.66  1.945 PHASE
 54   59.37   59.37  -61.97  0.998 PHASE
 55   58.66   58.66  -61.70  0.997 PHASE
 56   58.52   58.52  -61.30  0.997 PHASE
 57   59.77   59.77  -59.70  2.651 PHASE
 58   60.28   60.28  -57.78  1.004 PHASE
 59   59.24   59.24  -57.73  0.999 PHASE
 60   58.66   58.66  -58.81  0.999 PHASE
 61   58.53   58.53  -62.40  0.998 PHASE
 62   58.49   58.49  -55.35  1.002 PHASE
 63   58.24   58.24  -55.18  1.005 PHASE
 64   57.89   57.89  -54.78  0.997 PHASE
 65   58.33   58.33  -54.54  1.005 PHASE
 66   58.20   58.20  -55.61  0.996 PHASE
 67   58.25   58.25  -58.29  0.996 PHASE
 68   58.33   58.33  -58.02  1.012 PHASE
 69   58.34   58.34  -61.26  0.998 PHASE
 70   58.97   58.97  -62.55  1.008 PHASE
 71   58.89   58.89  -56.38  1.003 PHASE
 72   59.34   59.34  -60.53  1.011 PHASE
 73   59.26   59.26  -58.92  1.011 PHASE
 74   59.33   59.33  -58.76  1.010 PHASE
 75   59.68   59.68  -62.59  1.004 PHASE
 76   59.67   59.67  -57.13  1.008 PHASE
 77   59.58   59.58  -57.32  1.007 PHASE
 78   59.96   59.96  -57.67  0.996 PHASE
 79   60.80   60.80  -58.37  1.015 PHASE
 80   60.02   60.02  -56.99  1.008 PHASE
 81   60.36   60.36  -59.92  1.017 PHASE
 82   60.32   60.32  -64.34  0.996 PHASE
 83   60.73   60.73  -61.77  1.016 PHASE
 84   60.75   60.75  -67.42  0.991 PHASE
 85   61.00   61.00  -64.69  1.001 PHASE
 86   61.11   61.11  -64.19  1.006 PHASE
 87   61.86   61.86  -58.46  1.005 PHASE
 88   61.61   61.61  -58.27  1.271 PHASE
 89   62.45   62.45  -58.88  0.999 PHASE
 90   62.11   62.11  -65.72  1.001 PHASE
 91   61.84   61.84  -62.44  0.997 PHASE
 92   64.64   64.64  -64.56  1.014 PHASE
 93   64.80   64.80  -64.69  1.015 PHASE
 94   65.31   65.31  -65.39  1.010 PHASE
 95   65.55   65.55  -65.39  1.010 PHASE
 96   66.05   66.05  -66.39  1.033 PHASE
 97   65.37   65.37  -65.47  1.024 PHASE
 98   65.74   65.74  -65.54  1.011 PHASE
 99   65.98   65.98  -65.54  1.005 PHASE
100   65.80   65.80  -64.38  1.000 PHASE
101   65.11   65.11  -63.80  0.998 PHASE
102   62.17   62.17  -67.75  1.011 PHASE
103   67.68   67.68  -65.72  1.008 PHASE
104   67.02   67.02  -63.78  0.992 PHASE
105   61.88   61.88  -60.22  3.077 PHASE
106   60.82   60.82  -68.07  1.003 PHASE
107   64.78   64.78  -67.64  1.006 PHASE
108   68.56   68.56  -69.03  1.036 PHASE
109   63.24   63.24  -67.91  1.002 PHASE
110   64.71   64.71  -66.51  1.078 PHASE
111   65.98   65.98  -70.68  1.044 PHASE
112   65.75   65.75  -63.29  1.458 PHASE
113   69.71   69.71  -66.77  1.112 PHASE
114   69.47   69.47  -71.42  1.036 PHASE
115   69.97   69.97  -73.94  2.040 PHASE
116   68.60   68.60  -70.32  1.753 PHASE
117   67.18   67.18  -68.10  2.026 PHASE
118   67.33   67.33  -66.69  3.830 PHASE
119   69.81   69.81  -70.13  4.407 PHASE
120   69.49   69.49  -69.48  4.330 PHASE
121   69.74   69.74  -69.77  4.888 PHASE
122   69.96   69.96  -69.96 28.329 PHASE
123   67.97   67.97  -65.88  2.633 PHASE
124   70.21   70.21  -70.21 73.225 PHASE
125   70.03   70.03  -70.35  3.475 PHASE
126   70.57   70.57  -70.56 15.262 PHASE
127   70.85   70.85  -71.35  1.452 PHASE
128   72.67   72.67  -72.55 13.396 PHASE
129   70.15   70.15  -69.96  2.897 PHASE
130   71.42   71.42  -71.36  7.329 PHASE
131   71.27   71.27  -71.06  2.363 PHASE
132   72.33   72.33  -72.68  5.532 PHASE
133   71.86   71.86  -72.17  1.811 PHASE
134   71.49   71.49  -71.55  3.994 PHASE
135   72.60   72.60  -72.59  1.800 PHASE
136   74.19   74.19  -74.56  3.555 PHASE
137   73.93   73.93  -76.23  2.587 PHASE
138   72.80   72.80  -71.39  1.020 PHASE
139   74.19   74.19  -65.73  1.165 PHASE
140   72.97   72.97  -71.70  0.998 PHASE
141   72.72   72.72  -74.18  1.021 PHASE
142   71.29   71.29  -66.61  1.041 PHASE
143   73.53   73.53  -65.15  1.004 PHASE
144   72.91   72.91  -65.92  0.991 PHASE
145   73.06   73.06  -75.92  1.006 PHASE
146   87.97   87.97  -90.00  1.014 PHASE
147   90.00   90.00  -90.00  0.998 PHASE
148   90.00   90.00  -90.00  1.168 PHASE
149   90.00   90.00   90.00  0.998 PHASE
150   90.00   90.00   90.00  1.071 PHASE
151   82.96   82.96  -90.00  0.992 PHASE
152   82.96   82.96  -77.28  1.012 PHASE
153   82.04   82.04  -90.00  1.047 PHASE
154   81.05   81.05  -75.67  1.018 PHASE
155   70.85   70.85  -68.03  1.044 PHASE
156   70.66   70.66  -67.26  1.035 PHASE
157   70.98   70.98  -66.89  1.019 PHASE
158   78.96   78.96  -81.30  1.008 PHASE
159   77.83   77.83  -84.79  1.029 PHASE
160   77.66   77.66  -77.36  1.067 PHASE
161   76.48   76.48  -82.83  1.009 PHASE
162   76.67   76.67  -73.09  1.018 PHASE
163   79.04   79.04  -75.71  1.001 PHASE
164   78.69   78.69  -87.42  1.000 PHASE
165   71.54   71.54  -66.67  0.999 PHASE
166   71.98   71.98  -70.11  0.995 PHASE
167   90.00   90.00  -81.04  0.996 PHASE
168   90.00   90.00   90.00  0.996 PHASE
169   90.00   90.00  -90.00  1.004 PHASE
170   90.00   90.00  -90.00  0.997 PHASE
171   90.00   90.00  -87.44  1.011 PHASE
172   90.00   90.00  -79.15  1.005 PHASE
173   87.54   87.54  -90.00  1.003 PHASE
174   84.74   84.74  -78.61  1.018 PHASE
175   84.23   84.23  -90.00  1.009 PHASE
176   82.45   82.45  -90.00  1.005 PHASE
177   82.74   82.74  -90.00  1.000 PHASE
178   82.24   82.24  -74.79  1.008 PHASE
179   80.74   80.74  -74.51  0.999 PHASE
180   79.89   79.89  -73.94  1.022 PHASE
181   79.96   79.96  -90.00  1.014 PHASE
182   80.36   80.36  -90.00  1.010 PHASE
183   80.50   80.50  -76.02  1.022 PHASE
184   80.93   80.93  -86.68  1.017 PHASE
185   90.00   90.00  -90.00  1.005 PHASE
186  -90.00  -90.00  -90.00  1.002 PHASE
187   90.00   90.00  -90.00  1.010 PHASE
188  -90.00  -90.00  -90.00  0.997 PHASE
189  -90.00  -90.00  -90.00  0.999 PHASE
190  -90.00  -90.00  -90.00  1.002 PHASE
191  -90.00  -90.00   90.00  0.997 PHASE
192   90.00   90.00  -90.00  0.999 PHASE
193   90.00   90.00   90.00  0.998 PHASE
194   90.00   90.00   73.17  0.997 PHASE
195   90.00   90.00  -86.38  1.006 PHASE
196   90.00   90.00  -90.00  0.998 PHASE
197   90.00   90.00  -90.00  1.003 PHASE
198   90.00   90.00  -80.04  1.000 PHASE
199   90.00   90.00   90.00  0.998 PHASE
200   90.00   90.00  -79.78  0.997 PHASE
