# Pomiary radaru CN0566
# Data: 2025-07-11 12:53:16
# Częstotliwość: 10.394 GHz
# d/λ = 0.485
# Kolumny: Pomiar, Kąt_Final, Kąt_Fazowy, Kąt_MLE, Korelacja, Metoda
  1   90.00   90.00  -90.00  0.997 PHASE
  2   90.00   90.00   90.00  0.996 PHASE
  3   90.00   90.00  -84.00  0.996 PHASE
  4  -90.00  -90.00   65.62  0.995 PHASE
  5  -90.00  -90.00   90.00  0.996 PHASE
  6  -90.00  -90.00   63.45  0.995 PHASE
  7  -90.00  -90.00  -90.00  0.996 PHASE
  8  -90.00  -90.00  -90.00  0.996 PHASE
  9  -90.00  -90.00  -77.12  0.996 PHASE
 10  -90.00  -90.00  -80.49  0.996 PHASE
 11  -90.00  -90.00   90.00  0.996 PHASE
 12  -90.00  -90.00   79.96  0.996 PHASE
 13   90.00   90.00  -90.00  0.996 PHASE
 14   90.00   90.00   90.00  0.996 PHASE
 15   90.00   90.00   76.13  0.996 PHASE
 16   90.00   90.00  -90.00  0.996 PHASE
 17   90.00   90.00   90.00  0.995 PHASE
 18   90.00   90.00  -90.00  0.995 PHASE
 19   90.00   90.00  -90.00  0.996 PHASE
 20   90.00   90.00  -84.74  0.995 PHASE
 21   90.00   90.00  -90.00  0.996 PHASE
 22   90.00   90.00   90.00  0.996 PHASE
 23   90.00   90.00  -84.61  0.996 PHASE
 24   90.00   90.00  -90.00  0.996 PHASE
 25   90.00   90.00  -90.00  0.996 PHASE
 26   90.00   90.00  -77.94  0.996 PHASE
 27   90.00   90.00   90.00  0.996 PHASE
 28   90.00   90.00  -80.58  0.996 PHASE
 29   90.00   90.00   90.00  0.995 PHASE
 30   90.00   90.00  -82.80  0.996 PHASE
 31   90.00   90.00  -62.52  0.996 PHASE
 32   90.00   90.00  -78.21  0.996 PHASE
 33   86.56   86.56   90.00  0.996 PHASE
 34   87.20   87.20  -86.27  0.996 PHASE
 35   90.00   90.00   90.00  0.996 PHASE
 36   85.14   85.14  -90.00  0.996 PHASE
 37   84.24   84.24  -80.74  0.996 PHASE
 38   86.54   86.54  -81.55  0.996 PHASE
 39   83.29   83.29  -74.61  0.995 PHASE
 40   82.87   82.87  -85.03  0.996 PHASE
 41   82.21   82.21  -82.46  0.996 PHASE
 42   80.78   80.78  -90.00  0.996 PHASE
 43   79.75   79.75  -72.09  0.996 PHASE
 44   79.94   79.94  -68.20  0.995 PHASE
 45   79.50   79.50  -71.17  0.996 PHASE
 46   78.97   78.97  -70.80  0.996 PHASE
 47   77.21   77.21  -90.00  0.996 PHASE
 48   77.60   77.60  -52.93  0.995 PHASE
 49   77.85   77.85  -72.63  0.996 PHASE
 50   76.89   76.89  -74.13  0.996 PHASE
 51   76.67   76.67  -73.80  0.996 PHASE
 52   77.22   77.22  -71.87  0.996 PHASE
 53   76.22   76.22  -71.55  0.996 PHASE
 54   75.52   75.52  -84.73  0.996 PHASE
 55   75.59   75.59   90.00  0.995 PHASE
 56   75.84   75.84  -70.63  0.996 PHASE
 57   76.44   76.44   77.89  0.995 PHASE
 58   75.25   75.25  -84.84  0.995 PHASE
 59   75.17   75.17  -70.42  0.992 PHASE
 60   74.64   74.64  -89.12  0.990 PHASE
 61   73.89   73.89  -90.00  0.992 PHASE
 62   74.18   74.18  -67.42  0.990 PHASE
 63   74.67   74.67  -74.96  0.991 PHASE
 64   73.45   73.45  -67.33  0.990 PHASE
 65   73.74   73.74  -79.15  0.991 PHASE
 66   73.30   73.30  -67.93  0.991 PHASE
 67   73.37   73.37  -90.00  0.991 PHASE
 68   73.41   73.41  -86.57  0.990 PHASE
 69   73.54   73.54  -70.06  0.990 PHASE
 70   73.06   73.06  -85.17  0.992 PHASE
 71   72.63   72.63  -81.54  0.993 PHASE
 72   71.85   71.85  -66.40  0.993 PHASE
 73   71.35   71.35  -66.10  0.993 PHASE
 74   71.37   71.37  -76.83  0.992 PHASE
 75   70.42   70.42  -68.38  0.996 PHASE
 76   70.01   70.01  -64.94  0.995 PHASE
 77   69.63   69.63  -70.40  0.996 PHASE
 78   69.62   69.62  -66.74  0.995 PHASE
 79   69.72   69.72  -67.19  0.996 PHASE
 80   69.03   69.03  -79.01  0.995 PHASE
 81   69.29   69.29  -65.78  0.995 PHASE
 82   68.47   68.47  -66.40  0.995 PHASE
 83   68.33   68.33  -74.91  0.995 PHASE
 84   68.44   68.44  -66.45  0.996 PHASE
 85   68.04   68.04  -64.09  0.997 PHASE
 86   67.78   67.78  -64.57  0.997 PHASE
 87   67.52   67.52  -65.52  0.996 PHASE
 88   67.26   67.26  -71.16  0.996 PHASE
 89   67.07   67.07  -67.16  0.995 PHASE
 90   67.18   67.18  -64.76  0.996 PHASE
 91   66.74   66.74  -65.51  0.996 PHASE
 92   66.33   66.33  -67.41  0.996 PHASE
 93   66.28   66.28  -67.27  0.996 PHASE
 94   66.77   66.77  -71.32  0.997 PHASE
 95   61.03   61.03  -57.73  1.064 PHASE
 96   64.97   64.97  -61.19  1.000 PHASE
 97   64.75   64.75  -60.77  1.017 PHASE
 98   62.84   62.84  -64.86  1.017 PHASE
 99   62.33   62.33  -62.90  1.001 PHASE
100   61.28   61.28  -59.07  0.996 PHASE
101   61.10   61.10  -63.99  0.997 PHASE
102   60.38   60.38  -61.55  0.998 PHASE
103   60.45   60.45  -63.10  0.997 PHASE
104   59.22   59.22  -62.64  1.000 PHASE
105   59.98   59.98  -56.96  0.996 PHASE
106   59.74   59.74  -60.05  0.999 PHASE
107   59.10   59.10  -58.76  0.998 PHASE
108   59.32   59.32  -62.18  1.041 PHASE
109   58.64   58.64  -59.67  1.034 PHASE
110   59.33   59.33  -59.24 24.215 PHASE
111   59.93   59.93  -63.11  1.003 PHASE
112   58.68   58.68  -55.75  1.049 PHASE
113   57.31   57.31  -56.32  2.658 PHASE
114   58.00   58.00  -57.71 20.088 PHASE
115   58.06   58.06  -61.37  1.052 PHASE
116   57.62   57.62  -55.95  0.998 PHASE
117   57.28   57.28  -54.40  0.997 PHASE
118   57.24   57.24  -57.81  0.996 PHASE
119   56.83   56.83  -54.08  0.998 PHASE
120   56.63   56.63  -59.41  0.999 PHASE
121   56.21   56.21  -53.71  1.009 PHASE
122   60.44   60.44  -57.36  1.011 PHASE
123   58.97   58.97  -58.75  1.007 PHASE
124   58.59   58.59  -58.85  1.006 PHASE
125   58.47   58.47  -58.43  1.009 PHASE
126   58.24   58.24  -58.33  1.020 PHASE
127   57.79   57.79  -59.86  1.013 PHASE
128   57.54   57.54  -55.60  1.001 PHASE
129   57.38   57.38  -56.78  1.030 PHASE
130   56.76   56.76  -55.65  0.998 PHASE
131   56.35   56.35  -55.85  3.211 PHASE
132   57.27   57.27  -58.63  1.039 PHASE
133   56.56   56.56  -56.58 13.347 PHASE
134   54.69   54.69  -54.64  3.725 PHASE
135   58.48   58.48  -60.79  0.999 PHASE
136   58.56   58.56  -60.21  1.050 PHASE
137   55.08   55.08  -54.22  1.003 PHASE
138   56.43   56.43  -56.40  1.013 PHASE
139   56.95   56.95  -57.22  1.008 PHASE
140   56.84   56.84  -54.25  1.013 PHASE
141   55.91   55.91  -57.53  1.004 PHASE
142   55.80   55.80  -56.83  1.009 PHASE
143   56.47   56.47  -56.15  1.549 PHASE
144   56.64   56.64  -59.28  0.998 PHASE
145   56.10   56.10  -56.47  3.424 PHASE
146   56.06   56.06  -55.90  4.811 PHASE
147   55.30   55.30  -55.59  3.531 PHASE
148   54.29   54.29  -54.18 17.744 PHASE
149   55.61   55.61  -55.61  3.366 PHASE
150   54.65   54.65  -54.31  4.279 PHASE
151   54.22   54.22  -54.37  1.023 PHASE
152   54.18   54.18  -52.10  1.002 PHASE
153   53.39   53.39  -54.31  1.004 PHASE
154   53.02   53.02  -54.81  1.006 PHASE
155   52.34   52.34  -54.46  0.997 PHASE
156   52.62   52.62  -53.02  1.004 PHASE
157   52.26   52.26  -50.66  1.003 PHASE
158   52.20   52.20  -49.60  0.998 PHASE
159   51.39   51.39  -52.38  1.002 PHASE
160   51.28   51.28  -51.71  0.997 PHASE
161   51.06   51.06  -51.25  0.996 PHASE
162   51.03   51.03  -48.87  0.997 PHASE
163   51.75   51.75  -51.87  1.013 PHASE
164   52.11   52.11  -50.95  2.663 PHASE
165   52.21   52.21  -49.38  1.029 PHASE
166   51.34   51.34  -49.02  1.004 PHASE
167   51.79   51.79  -51.59  6.672 PHASE
168   51.16   51.16  -50.87  1.421 PHASE
169   50.72   50.72  -50.77  6.083 PHASE
170   52.12   52.12  -52.16  1.057 PHASE
171   51.17   51.17  -49.30  1.045 PHASE
172   50.98   50.98  -53.55  1.035 PHASE
173   50.75   50.75  -52.69  1.004 PHASE
174   50.71   50.71  -48.73  1.000 PHASE
175   50.58   50.58  -51.04  0.999 PHASE
176   50.33   50.33  -51.04  0.998 PHASE
177   49.70   49.70  -48.06  0.998 PHASE
178   49.14   49.14  -50.53  0.997 PHASE
179   48.94   48.94  -49.65  1.000 PHASE
180   49.85   49.85  -50.61  1.018 PHASE
181   49.32   49.32  -46.83  0.997 PHASE
182   48.58   48.58  -45.95  0.999 PHASE
183   48.19   48.19  -45.90  0.999 PHASE
184   48.08   48.08  -46.62  0.996 PHASE
185   49.76   49.76  -48.12  1.004 PHASE
186   49.60   49.60  -47.09  0.997 PHASE
187   49.15   49.15  -48.18  1.024 PHASE
188   49.99   49.99  -49.67  6.792 PHASE
189   49.79   49.79  -50.51  1.791 PHASE
190   49.03   49.03  -51.22  1.002 PHASE
191   48.87   48.87  -51.00  1.003 PHASE
192   48.38   48.38  -46.37  1.004 PHASE
193   48.07   48.07  -49.71  0.997 PHASE
194   47.57   47.57  -45.93  0.998 PHASE
195   47.27   47.27  -45.57  0.999 PHASE
196   47.08   47.08  -49.72  0.996 PHASE
197   46.82   46.82  -52.81  0.996 PHASE
198   46.13   46.13  -48.23  0.999 PHASE
199   46.40   46.40  -43.91  1.000 PHASE
200   49.51   49.51  -47.19  0.998 PHASE
201   48.83   48.83  -45.99  0.997 PHASE
202   49.09   49.09  -49.37  1.004 PHASE
203   49.40   49.40  -45.15  0.996 PHASE
204   49.44   49.44  -48.50  1.014 PHASE
205   48.99   48.99  -47.98  1.008 PHASE
206   48.65   48.65  -47.58  1.008 PHASE
207   46.96   46.96  -46.69  1.968 PHASE
208   47.08   47.08  -47.05  1.001 PHASE
209   47.10   47.10  -47.63  1.000 PHASE
210   46.98   46.98  -47.48  1.000 PHASE
211   46.80   46.80  -46.55  1.000 PHASE
212   46.87   46.87  -46.72  1.001 PHASE
213   46.90   46.90  -46.49  1.001 PHASE
214   46.45   46.45  -46.32  1.000 PHASE
215   46.58   46.58  -46.82  1.000 PHASE
216   46.28   46.28  -46.39  1.001 PHASE
217   46.29   46.29  -46.99  1.000 PHASE
218   46.28   46.28  -45.95  1.000 PHASE
219   45.82   45.82  -45.32  1.001 PHASE
220   45.98   45.98  -46.30  1.000 PHASE
221   45.65   45.65  -45.33  1.001 PHASE
222   45.94   45.94  -47.66  1.000 PHASE
223   45.47   45.47  -45.56  1.001 PHASE
224   45.61   45.61  -44.85  1.001 PHASE
225   45.72   45.72  -45.83  1.000 PHASE
226   45.30   45.30  -45.11  1.000 PHASE
227   45.24   45.24  -44.65  1.000 PHASE
228   45.03   45.03  -44.96  1.001 PHASE
229   44.69   44.69  -45.12  1.000 PHASE
230   44.76   44.76  -45.59  1.000 PHASE
231   44.80   44.80  -44.11  1.001 PHASE
232   45.05   45.05  -44.77  1.000 PHASE
233   44.49   44.49  -42.81  1.000 PHASE
234   45.09   45.09  -45.66  1.000 PHASE
235   44.30   44.30  -44.30  1.000 PHASE
236   44.32   44.32  -44.07  1.001 PHASE
237   44.33   44.33  -44.70  1.001 PHASE
238   44.24   44.24  -44.82  1.001 PHASE
239   44.22   44.22  -44.12  1.000 PHASE
240   44.18   44.18  -44.36  1.000 PHASE
241   43.79   43.79  -44.33  1.001 PHASE
242   43.81   43.81  -44.48  1.000 PHASE
243   43.65   43.65  -44.18  1.000 PHASE
244   43.40   43.40  -43.21  1.001 PHASE
245   43.57   43.57  -44.15  1.000 PHASE
246   43.28   43.28  -44.82  1.000 PHASE
247   43.24   43.24  -43.47  1.000 PHASE
248   43.37   43.37  -41.91  1.000 PHASE
249   43.07   43.07  -42.88  1.000 PHASE
250   42.83   42.83  -41.83  1.000 PHASE
251   42.80   42.80  -43.32  1.001 PHASE
252   42.57   42.57  -42.55  1.001 PHASE
253   42.26   42.26  -42.22  1.000 PHASE
254   42.08   42.08  -41.83  1.000 PHASE
255   42.31   42.31  -42.60  1.002 PHASE
256   42.48   42.48  -42.53  1.001 PHASE
257   42.16   42.16  -42.20  1.001 PHASE
258   41.91   41.91  -42.09  1.001 PHASE
259   41.92   41.92  -41.68  1.001 PHASE
260   41.60   41.60  -41.71  1.000 PHASE
261   41.51   41.51  -40.36  1.000 PHASE
262   41.76   41.76  -41.37  1.001 PHASE
263   41.53   41.53  -41.59  1.001 PHASE
264   41.04   41.04  -40.94  1.001 PHASE
265   41.10   41.10  -39.22  1.000 PHASE
266   41.68   41.68  -40.31  1.000 PHASE
267   41.04   41.04  -41.02  1.000 PHASE
268   40.79   40.79  -40.72  1.001 PHASE
269   40.79   40.79  -40.66  1.001 PHASE
270   40.78   40.78  -37.67  1.000 PHASE
271   40.68   40.68  -40.51  1.001 PHASE
272   40.53   40.53  -43.79  1.000 PHASE
273   40.18   40.18  -39.75  1.000 PHASE
274   40.02   40.02  -40.04  1.001 PHASE
275   39.98   39.98  -39.90  1.001 PHASE
276   39.91   39.91  -39.80  1.001 PHASE
277   39.62   39.62  -39.65  1.001 PHASE
278   39.55   39.55  -41.17  1.000 PHASE
279   39.42   39.42  -39.69  1.001 PHASE
280   39.40   39.40  -39.47  1.001 PHASE
281   39.30   39.30  -38.96  1.000 PHASE
282   39.09   39.09  -39.02  1.005 PHASE
283   39.21   39.21  -39.14  1.006 PHASE
284   38.92   38.92  -37.46  1.008 PHASE
285   38.41   38.41  -37.10  1.000 PHASE
286   38.05   38.05  -39.45  0.998 PHASE
287   37.63   37.63  -39.43  0.998 PHASE
288   37.27   37.27  -40.49  0.997 PHASE
289   37.11   37.11  -36.96  0.996 PHASE
290   36.90   36.90  -34.89  0.997 PHASE
291   36.77   36.77  -34.05  0.996 PHASE
292   36.68   36.68  -38.17  0.996 PHASE
293   36.39   36.39  -37.18  0.998 PHASE
294   36.25   36.25  -36.69  0.997 PHASE
295   36.26   36.26  -36.65  0.997 PHASE
296   36.26   36.26  -37.90  0.997 PHASE
297   36.32   36.32  -38.21  0.996 PHASE
298   36.18   36.18  -38.74  0.996 PHASE
299   35.83   35.83  -36.75  0.996 PHASE
300   35.77   35.77  -35.74  0.996 PHASE
301   35.64   35.64  -35.00  0.998 PHASE
302   35.19   35.19  -34.39  1.005 PHASE
303   35.26   35.26  -34.57  1.000 PHASE
304   35.15   35.15  -37.40  0.999 PHASE
305   35.99   35.99  -36.65  1.008 PHASE
306   35.50   35.50  -34.30  1.001 PHASE
307   35.25   35.25  -35.58  0.998 PHASE
308   35.11   35.11  -36.86  1.008 PHASE
309   35.12   35.12  -38.20  0.997 PHASE
310   35.21   35.21  -33.75  1.012 PHASE
311   34.81   34.81  -34.72  1.018 PHASE
312   34.65   34.65  -34.76  1.010 PHASE
313   34.39   34.39  -32.66  1.009 PHASE
314   34.35   34.35  -34.79  1.017 PHASE
315   34.23   34.23  -34.17  1.013 PHASE
316   34.20   34.20  -32.74  1.014 PHASE
317   34.31   34.31  -35.42  1.033 PHASE
318   34.27   34.27  -34.64  1.054 PHASE
319   34.40   34.40  -35.51  1.046 PHASE
320   34.14   34.14  -34.15 38.072 PHASE
321   33.75   33.75  -32.72  1.004 PHASE
322   33.71   33.71  -32.66  1.018 PHASE
323   33.63   33.63  -34.64  1.020 PHASE
324   33.51   33.51  -34.80  1.014 PHASE
325   33.04   33.04  -31.62  1.002 PHASE
326   33.33   33.33  -34.39  1.009 PHASE
327   33.06   33.06  -34.70  0.999 PHASE
328   33.46   33.46  -32.57  1.013 PHASE
329   32.83   32.83  -34.15  1.033 PHASE
330   32.72   32.72  -31.13  1.020 PHASE
331   32.45   32.45  -31.87  0.999 PHASE
332   32.48   32.48  -32.30  1.235 PHASE
333   32.65   32.65  -33.62  1.588 PHASE
334   34.52   34.52  -35.00  1.005 PHASE
335   34.54   34.54  -35.14  0.999 PHASE
336   34.35   34.35  -33.72  1.009 PHASE
337   34.32   34.32  -34.03  0.999 PHASE
338   34.24   34.24  -34.96  1.002 PHASE
339   31.97   31.97  -32.80  1.007 PHASE
340   33.53   33.53  -33.01  1.034 PHASE
341   33.48   33.48  -33.90  1.045 PHASE
342   33.76   33.76  -33.07  1.026 PHASE
343   33.51   33.51  -33.48  1.206 PHASE
344   33.42   33.42  -32.66  1.009 PHASE
345   32.40   32.40  -32.28  1.015 PHASE
346   32.20   32.20  -32.20  1.039 PHASE
347   32.21   32.21  -32.04  1.037 PHASE
348   32.13   32.13  -32.22  1.061 PHASE
349   32.20   32.20  -33.74  1.027 PHASE
350   31.76   31.76  -31.74  1.007 PHASE
351   31.65   31.65  -31.76  1.016 PHASE
352   31.49   31.49  -31.72  1.007 PHASE
353   31.47   31.47  -31.43  1.009 PHASE
354   31.46   31.46  -31.47  1.040 PHASE
355   31.33   31.33  -31.28  1.010 PHASE
356   31.20   31.20  -31.12  1.034 PHASE
357   31.23   31.23  -31.26  1.066 PHASE
358   30.93   30.93  -30.90  1.029 PHASE
359   31.95   31.95  -32.13  1.001 PHASE
360   30.73   30.73  -30.29  1.049 PHASE
361   30.53   30.53  -30.57  1.000 PHASE
362   30.35   30.35  -30.40  1.015 PHASE
363   30.39   30.39  -30.50  2.610 PHASE
364   30.53   30.53  -30.49  2.212 PHASE
365   29.65   29.65  -29.67  6.255 PHASE
366   30.11   30.11  -32.53  1.698 PHASE
367   30.02   30.02  -29.87  1.030 PHASE
368   29.87   29.87  -29.96  1.436 PHASE
369   29.97   29.97  -29.81  1.073 PHASE
370   29.41   29.41  -29.39  1.109 PHASE
371   30.03   30.03  -30.09  1.187 PHASE
372   29.61   29.61  -29.62  1.660 PHASE
373   29.43   29.43  -29.38  2.513 PHASE
374   29.73   29.73  -29.74 25.279 PHASE
375   29.37   29.37  -29.95  1.000 PHASE
376   29.28   29.28  -29.60  1.003 PHASE
377   28.92   28.92  -28.81  1.003 PHASE
378   29.07   29.07  -29.15  1.003 PHASE
379   28.79   28.79  -29.12  1.001 PHASE
380   28.66   28.66  -28.61  1.004 PHASE
381   28.71   28.71  -28.60  1.002 PHASE
382   28.41   28.41  -28.32  1.010 PHASE
383   28.56   28.56  -28.58  1.006 PHASE
384   28.59   28.59  -28.63  1.006 PHASE
385   28.35   28.35  -28.92  1.001 PHASE
386   28.22   28.22  -28.25  1.007 PHASE
387   27.95   27.95  -27.92  1.012 PHASE
388   27.93   27.93  -27.76  1.001 PHASE
389   27.87   27.87  -27.97  1.003 PHASE
390   27.85   27.85  -27.94  1.002 PHASE
391   27.83   27.83  -27.27  1.001 PHASE
392   27.83   27.83  -26.98  1.000 PHASE
393   27.54   27.54  -27.55  1.020 PHASE
394   27.49   27.49  -27.52  1.005 PHASE
395   27.45   27.45  -27.41  1.007 PHASE
396   27.25   27.25  -27.83  1.001 PHASE
397   27.22   27.22  -27.34  1.000 PHASE
398   27.05   27.05  -27.03  1.005 PHASE
399   27.03   27.03  -26.48  1.001 PHASE
400   27.02   27.02  -27.07  1.004 PHASE
401   26.89   26.89  -26.53  1.000 PHASE
402   26.86   26.86  -26.95  1.004 PHASE
403   26.69   26.69  -26.95  1.002 PHASE
404   26.69   26.69  -26.86  1.006 PHASE
405   26.62   26.62  -26.63  1.006 PHASE
406   26.25   26.25  -26.33  1.023 PHASE
407   26.31   26.31  -26.05  1.000 PHASE
408   26.24   26.24  -26.28  1.002 PHASE
409   26.17   26.17  -25.86  1.002 PHASE
410   26.04   26.04  -26.11  1.001 PHASE
411   25.97   25.97  -25.84  1.005 PHASE
412   25.76   25.76  -25.69  1.005 PHASE
413   25.67   25.67  -25.44  1.002 PHASE
414   25.67   25.67  -23.65  1.000 PHASE
415   25.62   25.62  -25.45  1.005 PHASE
416   25.61   25.61  -25.57  1.003 PHASE
417   25.56   25.56  -25.52  1.002 PHASE
418   25.32   25.32  -25.22  1.004 PHASE
419   25.34   25.34  -25.56  1.001 PHASE
420   25.12   25.12  -25.50  1.001 PHASE
421   24.93   24.93  -24.78  1.002 PHASE
422   24.81   24.81  -24.76  1.003 PHASE
423   24.94   24.94  -24.85  1.005 PHASE
424   24.70   24.70  -24.65  1.007 PHASE
425   24.47   24.47  -24.55  1.005 PHASE
426   24.41   24.41  -24.07  1.000 PHASE
427   24.33   24.33  -24.61  1.001 PHASE
428   24.36   24.36  -24.22  1.003 PHASE
429   24.64   24.64  -24.81  4.121 PHASE
430   24.09   24.09  -24.21  1.002 PHASE
431   23.77   23.77  -23.84  1.014 PHASE
432   24.00   24.00  -24.18  1.006 PHASE
433   23.92   23.92  -23.89  1.008 PHASE
434   23.85   23.85  -23.79  1.012 PHASE
435   23.73   23.73  -23.51  1.003 PHASE
436   23.63   23.63  -23.73  1.002 PHASE
437   23.54   23.54  -23.75  1.002 PHASE
438   23.47   23.47  -23.54  1.003 PHASE
439   23.48   23.48  -23.28  1.003 PHASE
440   23.30   23.30  -23.34  1.003 PHASE
441   23.22   23.22  -23.37  1.000 PHASE
442   23.06   23.06  -23.14  1.009 PHASE
443   22.90   22.90  -23.13  1.003 PHASE
444   22.85   22.85  -22.74  1.001 PHASE
445   22.79   22.79  -22.89  1.003 PHASE
446   22.67   22.67  -22.70  1.003 PHASE
447   22.57   22.57  -22.31  1.000 PHASE
448   22.57   22.57  -22.72  1.006 PHASE
449   22.46   22.46  -22.29  1.004 PHASE
450   22.41   22.41  -22.35  1.012 PHASE
451   22.20   22.20  -22.30  1.009 PHASE
452   22.15   22.15  -21.81  1.001 PHASE
453   21.97   21.97  -22.07  1.011 PHASE
454   21.96   21.96  -21.88  1.001 PHASE
455   21.75   21.75  -21.66  1.015 PHASE
456   21.84   21.84  -21.79  1.012 PHASE
457   21.75   21.75  -21.82  1.013 PHASE
458   21.73   21.73  -21.40  1.001 PHASE
459   21.57   21.57  -21.61  1.069 PHASE
460   21.33   21.33  -21.27  1.007 PHASE
461   21.29   21.29  -21.40  1.014 PHASE
462   21.08   21.08  -21.14  1.020 PHASE
463   21.00   21.00  -21.00  1.008 PHASE
464   20.96   20.96  -21.01  1.047 PHASE
465   21.04   21.04  -21.09  1.052 PHASE
466   20.70   20.70  -20.69  1.016 PHASE
467   20.67   20.67  -20.70  1.035 PHASE
468   20.52   20.52  -19.62  1.000 PHASE
469   20.57   20.57  -20.48  1.008 PHASE
470   20.39   20.39  -20.08  1.002 PHASE
471   20.23   20.23  -20.45  1.001 PHASE
472   20.28   20.28  -20.31  1.056 PHASE
473   20.03   20.03  -20.27  1.003 PHASE
474   20.03   20.03  -20.02  2.046 PHASE
475   19.65   19.65  -19.65 86.843 PHASE
476   19.13   19.13  -19.29  2.256 PHASE
477   19.74   19.74  -19.64  1.483 PHASE
478   19.72   19.72  -19.68  1.286 PHASE
479   20.63   20.63  -20.71  4.496 PHASE
480   19.63   19.63  -19.64 12.550 PHASE
481   19.68   19.68  -19.70  1.745 PHASE
482   20.67   20.67  -20.83  7.816 PHASE
483   19.16   19.16  -19.10  1.573 PHASE
484   19.07   19.07  -18.98  2.177 PHASE
485   19.09   19.09  -19.16  1.158 PHASE
486   19.08   19.08  -18.99  1.001 PHASE
487   18.90   18.90  -18.88  1.008 PHASE
488   18.77   18.77  -18.67  1.009 PHASE
489   18.67   18.67  -18.65  1.006 PHASE
490   18.59   18.59  -18.50  1.009 PHASE
491   18.52   18.52  -18.95  1.000 PHASE
492   18.51   18.51  -18.53  1.005 PHASE
493   18.36   18.36  -18.36  1.010 PHASE
494   18.35   18.35  -18.33  1.008 PHASE
495   18.23   18.23  -18.23  1.014 PHASE
496   18.02   18.02  -17.97  1.000 PHASE
497   18.05   18.05  -18.08  1.007 PHASE
498   18.10   18.10  -17.95  1.005 PHASE
499   17.92   17.92  -17.84  1.015 PHASE
500   17.74   17.74  -17.87  1.003 PHASE
501   17.72   17.72  -17.94  1.002 PHASE
502   17.63   17.63  -17.80  1.001 PHASE
503   17.49   17.49  -17.45  1.004 PHASE
504   17.56   17.56  -17.62  1.005 PHASE
505   17.38   17.38  -17.47  1.000 PHASE
506   17.26   17.26  -16.95  1.000 PHASE
507   17.26   17.26  -17.54  1.004 PHASE
508   17.02   17.02  -17.68  1.001 PHASE
509   17.04   17.04  -18.08  1.000 PHASE
510   16.93   16.93  -16.89  1.006 PHASE
511   16.86   16.86  -16.75  1.001 PHASE
512   16.70   16.70  -16.68  1.008 PHASE
513   16.76   16.76  -16.70  1.001 PHASE
514   16.57   16.57  -16.52  1.007 PHASE
515   16.49   16.49  -16.47  1.005 PHASE
516   16.41   16.41  -16.58  1.000 PHASE
517   16.37   16.37  -16.48  1.005 PHASE
518   16.17   16.17  -16.15  1.004 PHASE
519   16.16   16.16  -16.30  1.008 PHASE
520   15.99   15.99  -13.31  1.000 PHASE
521   15.90   15.90  -16.00  1.008 PHASE
522   15.89   15.89  -15.86  1.001 PHASE
523   15.91   15.91  -16.33  1.002 PHASE
524   15.80   15.80  -15.57  1.002 PHASE
525   15.78   15.78  -15.72  1.004 PHASE
526   15.60   15.60  -15.81  1.006 PHASE
527   15.49   15.49  -15.60  1.003 PHASE
528   15.41   15.41  -15.64  1.001 PHASE
529   15.48   15.48  -15.95  1.000 PHASE
530   15.34   15.34  -15.61  1.001 PHASE
531   15.22   15.22  -14.99  1.002 PHASE
532   15.15   15.15  -15.03  1.005 PHASE
533   15.06   15.06  -15.74  1.001 PHASE
534   14.90   14.90  -14.94  1.004 PHASE
535   14.94   14.94  -14.98  1.003 PHASE
536   14.88   14.88  -14.60  1.002 PHASE
537   14.81   14.81  -14.86  1.002 PHASE
538   14.69   14.69  -14.90  1.004 PHASE
539   14.62   14.62  -14.64  1.001 PHASE
540   14.52   14.52  -14.46  1.006 PHASE
541   14.37   14.37  -14.35  1.005 PHASE
542   14.34   14.34  -14.39  1.001 PHASE
543   14.27   14.27  -14.35  1.001 PHASE
544   14.17   14.17  -14.14  1.003 PHASE
545   14.07   14.07  -14.26  1.001 PHASE
546   13.99   13.99  -13.94  1.001 PHASE
547   13.91   13.91  -13.89  1.004 PHASE
548   13.91   13.91  -13.84  1.000 PHASE
549   13.80   13.80  -13.69  1.002 PHASE
550   13.65   13.65  -13.51  1.002 PHASE
551   13.61   13.61  -13.41  1.000 PHASE
552   13.48   13.48  -13.36  1.001 PHASE
553   13.35   13.35  -13.42  1.001 PHASE
554   13.31   13.31  -13.20  1.002 PHASE
555   13.22   13.22  -12.37  1.001 PHASE
556   13.19   13.19  -13.42  1.000 PHASE
557   12.91   12.91  -13.83  1.000 PHASE
558   12.94   12.94  -13.06  1.003 PHASE
559   12.92   12.92  -12.47  1.001 PHASE
560   12.61   12.61  -12.80  1.002 PHASE
561   12.69   12.69  -12.41  1.000 PHASE
562   12.59   12.59  -12.32  1.002 PHASE
563   12.54   12.54  -14.38  1.000 PHASE
564   12.43   12.43  -12.51  1.000 PHASE
565   12.35   12.35  -12.34  1.001 PHASE
566   12.30   12.30  -13.77  1.000 PHASE
567   12.14   12.14  -10.66  1.000 PHASE
568   12.15   12.15  -12.17  1.002 PHASE
569   12.03   12.03  -12.47  1.001 PHASE
570   12.03   12.03  -11.86  1.002 PHASE
571   11.87   11.87  -12.30  1.001 PHASE
572   11.80   11.80  -11.89  1.001 PHASE
573   11.73   11.73  -12.53  1.000 PHASE
574   11.79   11.79  -11.91  1.002 PHASE
575   11.67   11.67  -11.96  1.001 PHASE
576   11.63   11.63  -11.78  1.000 PHASE
577   11.58   11.58  -11.71  1.001 PHASE
578   11.46   11.46  -12.39  1.000 PHASE
579   11.39   11.39  -11.70  1.001 PHASE
580   11.36   11.36  -12.25  1.000 PHASE
581   11.23   11.23  -11.25  1.000 PHASE
582   11.20   11.20  -11.03  1.001 PHASE
583   11.15   11.15  -10.91  1.000 PHASE
584   10.91   10.91  -10.79  1.000 PHASE
585   10.84   10.84  -10.88  1.000 PHASE
586   10.74   10.74  -10.18  1.000 PHASE
587   10.62   10.62  -10.43  1.001 PHASE
588   10.63   10.63  -11.77  1.000 PHASE
589   10.53   10.53  -11.66  1.000 PHASE
590   10.47   10.47  -10.49  1.000 PHASE
591   10.42   10.42  -12.32  1.000 PHASE
592   10.38   10.38   -9.92  1.000 PHASE
593   10.21   10.21   -9.77  1.001 PHASE
594   10.18   10.18  -10.10  1.001 PHASE
595   10.14   10.14  -10.49  1.000 PHASE
596    9.99    9.99  -10.09  1.001 PHASE
597    9.98    9.98   -9.69  1.001 PHASE
598    9.88    9.88  -10.16  1.001 PHASE
599    9.78    9.78   -9.50  1.000 PHASE
600    9.84    9.84  -10.46  1.000 PHASE
601    9.69    9.69  -10.58  1.000 PHASE
602    9.63    9.63   -9.81  1.001 PHASE
603    9.54    9.54  -11.06  1.000 PHASE
604    9.44    9.44   -9.87  1.001 PHASE
605    9.31    9.31   -9.51  1.001 PHASE
606    9.20    9.20   -9.40  1.001 PHASE
607    9.23    9.23   -9.13  1.000 PHASE
608    9.14    9.14   -8.50  1.000 PHASE
609    9.16    9.16   -8.95  1.000 PHASE
610    9.09    9.09  -10.62  1.000 PHASE
611    8.94    8.94   -8.64  1.001 PHASE
612    8.89    8.89   -9.16  1.000 PHASE
613    8.89    8.89   -8.23  1.001 PHASE
614    8.81    8.81  -10.01  1.000 PHASE
615    8.75    8.75   -8.98  1.001 PHASE
616    8.76    8.76   -9.00  1.001 PHASE
617    8.75    8.75   -8.91  1.001 PHASE
618    8.53    8.53   -8.75  1.000 PHASE
619    8.35    8.35   -7.45  1.000 PHASE
620    8.34    8.34   -8.59  1.001 PHASE
621    8.31    8.31   -8.02  1.000 PHASE
622    8.01    8.01   -8.56  1.000 PHASE
623    8.09    8.09   -7.28  1.000 PHASE
624    8.04    8.04   -8.12  1.001 PHASE
625    7.98    7.98   -7.96  1.001 PHASE
626    7.88    7.88   -7.55  1.000 PHASE
627    7.77    7.77   -6.60  1.000 PHASE
628    7.69    7.69   -7.43  1.000 PHASE
629    7.58    7.58   -9.12  1.000 PHASE
630    7.77    7.77   -7.84  1.000 PHASE
631    7.42    7.42   -7.62  1.000 PHASE
632    7.47    7.47   -7.26  1.000 PHASE
633    7.41    7.41   -7.99  1.000 PHASE
634    7.25    7.25   -7.76  1.000 PHASE
635    7.10    7.10   -7.09  1.001 PHASE
636    7.07    7.07   -6.82  1.001 PHASE
637    6.94    6.94   -7.33  1.000 PHASE
638    6.90    6.90   -5.74  1.000 PHASE
639    6.73    6.73   -6.17  1.000 PHASE
640    6.65    6.65   -6.69  1.000 PHASE
641    6.63    6.63   -6.42  1.000 PHASE
642    6.56    6.56  -12.76  1.000 PHASE
643    6.48    6.48   -7.42  1.000 PHASE
644    6.47    6.47   -6.42  1.000 PHASE
645    6.31    6.31   -7.25  1.001 PHASE
646    6.32    6.32   -5.95  1.001 PHASE
647    6.19    6.19   -3.59  1.000 PHASE
648    6.03    6.03   -5.91  1.000 PHASE
649    5.89    5.89   -8.68  1.000 PHASE
650    5.86    5.86   -6.38  1.000 PHASE
651    5.83    5.83   -5.90  1.000 PHASE
652    5.72    5.72   -5.85  1.000 PHASE
653    5.57    5.57   -5.40  1.000 PHASE
654    5.60    5.60   -5.93  1.000 PHASE
655    5.54    5.54   -5.88  1.000 PHASE
656    5.45    5.45   -6.06  1.000 PHASE
657    5.43    5.43   -5.89  1.001 PHASE
658    5.37    5.37   -6.15  1.000 PHASE
659    5.07    5.07   -4.54  1.001 PHASE
660    4.92    4.92   -4.92  1.000 PHASE
661    5.03    5.03   -4.90  1.000 PHASE
662    4.85    4.85   -5.28  1.000 PHASE
663    4.76    4.76   -5.37  1.000 PHASE
664    4.84    4.84   -6.85  1.000 PHASE
665    4.84    4.84   -5.26  1.000 PHASE
666    4.73    4.73   -4.14  1.000 PHASE
667    4.67    4.67   -5.21  1.000 PHASE
668    4.51    4.51   -5.54  1.000 PHASE
669    4.33    4.33   -4.10  1.000 PHASE
670    4.15    4.15   -3.94  1.001 PHASE
671    4.23    4.23   -3.93  1.000 PHASE
672    4.03    4.03   -4.85  1.000 PHASE
673    3.85    3.85   -3.58  1.001 PHASE
674    3.99    3.99   -3.74  1.001 PHASE
675    3.88    3.88   -3.93  1.000 PHASE
676    3.86    3.86   -2.29  1.000 PHASE
677    3.50    3.50   -3.78  1.000 PHASE
678    3.45    3.45   -3.54  1.002 PHASE
679    3.60    3.60   -3.57  1.001 PHASE
680    3.60    3.60   -3.44  1.001 PHASE
681    3.37    3.37   -3.63  1.001 PHASE
682    3.22    3.22   -2.53  1.000 PHASE
683    3.14    3.14   -2.11  1.000 PHASE
684    3.17    3.17   -3.15  1.001 PHASE
685    3.12    3.12   -2.99  1.001 PHASE
686    3.06    3.06   -3.50  1.000 PHASE
687    3.01    3.01   -3.00  1.002 PHASE
688    2.79    2.79   -2.65  1.001 PHASE
689    2.78    2.78   -2.67  1.000 PHASE
690    2.72    2.72   -2.76  1.006 PHASE
691    2.73    2.73   -2.85  1.001 PHASE
692    2.64    2.64   -3.12  1.000 PHASE
693    2.41    2.41   -2.46  1.001 PHASE
694    2.50    2.50   -2.82  1.002 PHASE
695    2.35    2.35   -3.57  1.000 PHASE
696    2.33    2.33   -1.93  1.000 PHASE
697    2.14    2.14   -1.78  1.001 PHASE
698    2.03    2.03   -2.00  1.000 PHASE
699    2.23    2.23   -1.48  1.000 PHASE
700    1.95    1.95   -2.36  1.000 PHASE
701    1.85    1.85   -1.18  1.000 PHASE
702    1.78    1.78   -1.77  1.003 PHASE
703    1.68    1.68   -1.89  1.001 PHASE
704    1.61    1.61   -2.02  1.001 PHASE
705    1.04    1.04   -2.45  1.000 PHASE
706    1.03    1.03   -1.69  1.000 PHASE
707    1.04    1.04   -1.56  1.002 PHASE
708    0.73    0.73   -0.97  1.001 PHASE
709    0.41    0.41   -0.87  1.000 PHASE
710    0.15    0.15   -0.17  1.001 PHASE
711   -0.63   -0.63    0.34  1.000 PHASE
712    0.07    0.07    0.37  1.000 PHASE
713    0.19    0.19    0.17  1.000 PHASE
714    0.02    0.02    0.09  1.000 PHASE
715   -0.00   -0.00   -0.05  1.000 PHASE
716   -0.08   -0.08   -0.46  1.000 PHASE
717   -0.15   -0.15    0.22  1.000 PHASE
718   -0.54   -0.54    0.38  1.001 PHASE
719   -0.22   -0.22   -1.30  1.000 PHASE
720   -0.56   -0.56    1.71  1.001 PHASE
721   -0.64   -0.64    0.77  1.001 PHASE
722   -0.74   -0.74    0.32  1.000 PHASE
723   -0.74   -0.74    0.58  1.001 PHASE
724   -0.85   -0.85    2.24  1.000 PHASE
725   -0.88   -0.88   -0.63  1.000 PHASE
726   -1.05   -1.05    1.66  1.001 PHASE
727   -1.06   -1.06    0.75  1.001 PHASE
728   -1.16   -1.16    1.35  1.001 PHASE
729   -1.25   -1.25    0.24  1.000 PHASE
730   -1.38   -1.38    2.02  1.001 PHASE
731   -1.41   -1.41    1.50  1.000 PHASE
732   -1.44   -1.44    2.04  1.001 PHASE
733   -1.50   -1.50    1.99  1.000 PHASE
734   -1.60   -1.60    2.33  1.000 PHASE
735   -1.67   -1.67    1.97  1.001 PHASE
736   -1.72   -1.72   -1.56  1.000 PHASE
737   -1.79   -1.79    0.92  1.001 PHASE
738   -1.79   -1.79    1.84  1.001 PHASE
739   -2.16   -2.16    1.48  0.998 PHASE
740   -2.36   -2.36    2.24  0.998 PHASE
741   -2.60   -2.60    2.27  0.998 PHASE
742   -2.78   -2.78    4.75  0.998 PHASE
743   -2.93   -2.93    3.61  0.998 PHASE
744   -3.22   -3.22    3.35  0.998 PHASE
745   -3.37   -3.37    1.60  0.997 PHASE
746   -3.51   -3.51    3.03  0.997 PHASE
747   -3.73   -3.73    6.34  0.997 PHASE
748   -3.96   -3.96    3.04  0.997 PHASE
749   -4.00   -4.00    1.68  0.997 PHASE
750   -4.07   -4.07    2.65  0.997 PHASE
751   -4.24   -4.24    2.22  0.997 PHASE
752   -4.40   -4.40    4.94  0.997 PHASE
753   -4.48   -4.48    5.41  0.997 PHASE
754   -4.51   -4.51    5.58  0.998 PHASE
755   -4.77   -4.77    6.00  0.998 PHASE
756   -4.78   -4.78    4.56  0.997 PHASE
757   -4.90   -4.90    4.91  0.997 PHASE
758   -4.84   -4.84    4.40  0.997 PHASE
759   -4.92   -4.92    3.07  0.997 PHASE
760   -5.08   -5.08    3.64  0.997 PHASE
761   -5.17   -5.17    4.64  0.998 PHASE
762   -5.24   -5.24    4.94  0.997 PHASE
763   -5.29   -5.29    5.80  0.997 PHASE
764   -5.35   -5.35    3.32  0.997 PHASE
765   -5.37   -5.37    4.41  0.997 PHASE
766   -5.41   -5.41    5.44  0.998 PHASE
767   -5.57   -5.57    7.81  0.997 PHASE
768   -5.57   -5.57    6.35  0.997 PHASE
769   -5.60   -5.60    6.10  0.998 PHASE
770   -5.64   -5.64    4.80  0.998 PHASE
771   -5.65   -5.65    6.56  0.999 PHASE
772   -5.82   -5.82    4.24  0.998 PHASE
773   -5.90   -5.90    5.30  0.999 PHASE
774   -6.02   -6.02    5.51  0.998 PHASE
775   -6.06   -6.06    5.10  0.998 PHASE
776   -6.14   -6.14    4.91  0.999 PHASE
777   -6.27   -6.27    5.81  0.999 PHASE
778   -6.31   -6.31    7.65  0.999 PHASE
779   -6.25   -6.25    5.29  0.999 PHASE
780   -6.30   -6.30    6.66  0.999 PHASE
781   -6.23   -6.23    6.33  1.000 PHASE
782   -5.55   -5.55    6.40  1.001 PHASE
783   -5.70   -5.70    7.01  1.000 PHASE
784   -5.76   -5.76  -71.31  1.000 PHASE
785   -5.80   -5.80    2.54  1.000 PHASE
786   -5.88   -5.88    5.79  1.001 PHASE
787   -5.98   -5.98    5.60  1.000 PHASE
788   -5.99   -5.99    6.35  1.001 PHASE
789   -6.00   -6.00    8.42  1.000 PHASE
790   -6.08   -6.08    5.32  1.000 PHASE
791   -6.20   -6.20    7.78  1.000 PHASE
792   -6.25   -6.25    6.30  1.001 PHASE
793   -6.35   -6.35    7.53  1.000 PHASE
794   -6.54   -6.54    7.90  1.000 PHASE
795   -6.46   -6.46    7.18  1.000 PHASE
796   -6.55   -6.55    5.41  1.000 PHASE
797   -6.60   -6.60    7.04  1.001 PHASE
798   -6.79   -6.79    7.49  1.000 PHASE
799   -6.79   -6.79    7.53  1.000 PHASE
800   -6.94   -6.94    6.94  1.000 PHASE
