# Pomiary radaru CN0566 - rozszerzone metody
# Data: 2025-07-14 10:00:36
# Częstotliwość: 10.394 GHz
# Rozmiar kroku: 0.2 mm
# Estymowane współrzędne celu: (0.026, 0.000) m
# Kąt z estymacji współrzędnych: 6.00°
# Kąt z Synthetic Aperture: 0.00°
# Kolumny: Pomiar, Pozycja[m], Kąt_Podstawowy, Kąt_MLE, Kąt_Estym_Współrz, Kąt_SA
  1  0.00000    1.15   -1.23    0.04    0.00
  2  0.00018    1.07   -1.13    0.04    0.00
  3  0.00036    0.90   -0.80    0.04    0.00
  4  0.00054    0.94   -2.63    0.04    0.00
  5  0.00072    1.10   -1.09    0.04    0.00
  6  0.00090    1.10    0.39    0.04    0.00
  7  0.00108    1.12   -0.99    0.04    0.00
  8  0.00126    1.14    0.66    0.04    0.00
  9  0.00144    1.31   -0.99    0.04    0.00
 10  0.00162    1.32   -3.23    0.04    0.00
 11  0.00180    1.38    0.33    0.04    0.00
 12  0.00198    1.38   -1.62    0.04    0.00
 13  0.00216    1.46   -2.18    0.04    0.00
 14  0.00234    1.53   -0.53    0.04    0.00
 15  0.00252    1.56   -1.79    0.04    0.00
 16  0.00270    1.63   -1.89    0.04    0.00
 17  0.00288    1.63   -2.42    0.04    0.00
 18  0.00306    1.71   -1.80    0.04    0.00
 19  0.00324    1.72    0.34    0.04    0.00
 20  0.00342    1.96   -2.93    0.04    0.00
 21  0.00360    1.95   -2.04    0.04    0.00
 22  0.00378    2.08    1.02    0.04    0.00
 23  0.00396    2.18   -2.41    0.04    0.00
 24  0.00414    2.28   -2.16    0.04    0.00
 25  0.00432    2.29   -2.52    0.04    0.00
 26  0.00450    2.36   -1.98    0.04    0.00
 27  0.00468    2.40   -2.12    0.04    0.00
 28  0.00486    2.43   -0.16    0.04    0.00
 29  0.00504    2.55   -2.09    0.04    0.00
 30  0.00522    2.60   -4.73    0.04    0.00
 31  0.00540    2.63   -2.60    0.04    0.00
 32  0.00558    2.71   -3.35    0.04    0.00
 33  0.00576    2.78   -2.27    0.05    0.00
 34  0.00594    2.83   -2.45    0.05    0.00
 35  0.00612    2.90    1.40    0.05    0.00
 36  0.00630    2.94   -2.34    0.05    0.00
 37  0.00648    3.03   -5.64    0.05    0.00
 38  0.00666    3.03   -6.91    0.05    0.00
 39  0.00684    2.94   -3.00    0.05    0.00
 40  0.00702    3.11   -0.98    0.05    0.00
 41  0.00720    3.07   -2.36    0.05    0.00
 42  0.00738    3.15   -2.48    0.05    0.00
 43  0.00756    3.19   -3.21    0.05    0.00
 44  0.00774    3.27   -3.87    0.05    0.00
 45  0.00792    3.40   -2.20    0.05    0.00
 46  0.00810    3.46   -3.78    0.05    0.00
 47  0.00828    3.49   -5.16    0.05    0.00
 48  0.00846    3.62   -2.71    0.05    0.00
 49  0.00864    3.66   -3.79    0.05    0.00
 50  0.00882    3.75   -4.18    0.05    0.00
 51  0.00900    3.83   -5.32    0.05    0.00
 52  0.00918    3.73   -3.16    0.05    0.00
 53  0.00936    3.99   -2.87    0.06    0.00
 54  0.00954    4.27   -3.12    0.06    0.00
 55  0.00972    4.45   -4.05    0.06    0.00
 56  0.00990    4.50   -5.63    0.06    0.00
 57  0.01008    4.62   -2.47    0.06    0.00
 58  0.01026    4.82   -6.29    0.06    0.00
 59  0.01044    4.90   -2.73    0.06    0.00
 60  0.01062    4.97   -6.61    0.06    0.00
 61  0.01080    5.04   -5.15    0.06    0.00
 62  0.01098    5.14   -3.58    0.06    0.00
 63  0.01116    5.24   -8.39    0.06    0.00
 64  0.01134    5.18   -4.04    0.06    0.00
 65  0.01152    5.30   -5.89    0.06    0.00
 66  0.01170    5.44   -6.44    0.06    0.00
 67  0.01188    5.53   -4.62    0.06    0.00
 68  0.01206    5.59   -6.72    0.07    0.00
 69  0.01224    5.76   -5.49    0.07    0.00
 70  0.01242    5.64   -3.24    0.07    0.00
 71  0.01260    5.69   -4.48    0.07    0.00
 72  0.01278    5.82   -3.44    0.07    0.00
 73  0.01296    5.90   -6.33    0.07    0.00
 74  0.01314    5.88   -5.68    0.07    0.00
 75  0.01332    5.93   -4.24    0.07    0.00
 76  0.01350    5.97   -7.78    0.07    0.00
 77  0.01368    6.32   -6.50    0.07    0.00
 78  0.01386    6.26   -5.15    0.07    0.00
 79  0.01404    6.45   -4.53    0.08    0.00
 80  0.01422    6.50   -4.39    0.08    0.00
 81  0.01440    6.46   -7.83    0.08    0.00
 82  0.01458    6.45   -6.37    0.08    0.00
 83  0.01476    6.58   -4.14    0.08    0.00
 84  0.01494    6.66   -5.57    0.08    0.00
 85  0.01512    6.69   -4.92    0.08    0.00
 86  0.01530    6.69   -7.65    0.08    0.00
 87  0.01548    6.80   -6.50    0.09    0.00
 88  0.01566    6.96   -7.95    0.09    0.00
 89  0.01584    7.06   -6.78    0.09    0.00
 90  0.01602    7.13   -6.92    0.09    0.00
 91  0.01620    7.14   -8.86    0.09    0.00
 92  0.01638    7.18   -7.62    0.09    0.00
 93  0.01656    7.20   -7.23    0.10    0.00
 94  0.01674    7.15   -5.62    0.10    0.00
 95  0.01692    7.18   -5.05    0.10    0.00
 96  0.01710    7.15   -7.35    0.10    0.00
 97  0.01728    7.02   -7.20    0.10    0.00
 98  0.01746    7.13   -6.80    0.11    0.00
 99  0.01764    7.37   -8.94    0.11    0.00
100  0.01782    7.73   -9.02    0.11    0.00
101  0.01800    7.65   -8.78    0.11    0.00
102  0.01818    7.48   -6.88    0.11    0.00
103  0.01836    7.06   -8.39    0.12    0.00
104  0.01854    7.48   -7.46    0.12    0.00
105  0.01872    7.32   -7.63    0.12    0.00
106  0.01890    7.62   -8.55    0.13    0.00
107  0.01908    7.55   -8.10    0.13    0.00
108  0.01926    7.91   -7.61    0.13    0.00
109  0.01944    7.83  -10.06    0.14    0.00
110  0.01962    7.97   -8.17    0.14    0.00
111  0.01980    8.02   -8.17    0.14    0.00
112  0.01998    8.10   -8.73    0.15    0.00
113  0.02016    8.13   -8.90    0.15    0.00
114  0.02034    8.19   -6.63    0.16    0.00
115  0.02052    8.29   -7.36    0.16    0.00
116  0.02070    8.33   -8.88    0.17    0.00
117  0.02088    8.36   -7.97    0.17    0.00
118  0.02106    8.45   -8.23    0.18    0.00
119  0.02124    8.55   -9.05    0.18    0.00
120  0.02142    8.60   -9.18    0.19    0.00
121  0.02160    8.64   -8.40    0.20    0.00
122  0.02178    8.75   -9.39    0.21    0.00
123  0.02196    8.99   -8.55    0.21    0.00
124  0.02214    9.09   -8.95    0.22    0.00
125  0.02232    9.18  -12.56    0.23    0.00
126  0.02250    9.18   -4.91    0.25    0.00
127  0.02268    9.28   -9.25    0.26    0.00
128  0.02286    9.46   -7.90    0.27    0.00
129  0.02304    9.45   -7.18    0.29    0.00
130  0.02322    9.59  -10.21    0.30    0.00
131  0.02340    9.56   -9.27    0.32    0.00
132  0.02358    9.65   -8.95    0.34    0.00
133  0.02376    9.67  -10.17    0.37    0.00
134  0.02394    9.71   -8.92    0.39    0.00
135  0.02412    9.87  -10.14    0.43    0.00
136  0.02430    9.98  -10.88    0.47    0.00
137  0.02448   10.01   -9.68    0.51    0.00
138  0.02466   10.05  -10.35    0.57    0.00
139  0.02484   10.10  -13.83    0.64    0.00
140  0.02502   10.12   -9.47    0.73    0.00
141  0.02520   10.27   -9.52    0.85    0.00
142  0.02538   10.35  -10.32    1.01    0.00
143  0.02556   10.37  -10.15    1.26    0.00
144  0.02574   10.44  -11.10    1.66    0.00
145  0.02592   10.57   -7.78    2.45    0.00
146  0.02610   10.41   -9.84    4.63    0.00
147  0.02628   10.55  -10.54   37.95    0.00
148  0.02646   10.25  -10.36  174.16    0.00
149  0.02664   10.05   -8.85  177.25    0.00
150  0.02682   10.03   -8.62  178.20    0.00
151  0.02700   10.00   -9.94  178.67    0.00
152  0.02718   10.06  -11.41  178.94    0.00
153  0.02736   10.03  -15.63  179.12    0.00
154  0.02754   10.03   -9.95  179.25    0.00
155  0.02772   10.01   -8.61  179.34    0.00
156  0.02790   10.18  -10.64  179.42    0.00
157  0.02808   10.15   -8.89  179.48    0.00
158  0.02826   12.51  -11.98  179.52    0.00
159  0.02844   12.70   -9.90  179.56    0.00
160  0.02862   12.64  -14.42  179.60    0.00
161  0.02880   12.60  -14.55  179.63    0.00
162  0.02898   12.66   -8.64  179.65    0.00
163  0.02916   12.76  -11.20  179.67    0.00
164  0.02934   12.71  -14.35  179.69    0.00
165  0.02952   12.87  -12.62  179.71    0.00
166  0.02970   13.14  -13.74  179.73    0.00
167  0.02988   13.01   -7.81  179.74    0.00
168  0.03006   13.21  -15.92  179.75    0.00
169  0.03024   13.29  -13.02  179.76    0.00
170  0.03042   13.47  -20.86  179.77    0.00
171  0.03060   13.52  -11.78  179.78    0.00
172  0.03078   13.68  -12.24  179.79    0.00
173  0.03096   13.77  -17.57  179.80    0.00
174  0.03114   13.80  -15.08  179.81    0.00
175  0.03132   13.80  -14.08  179.81    0.00
176  0.03150   13.88  -14.47  179.82    0.00
177  0.03168   13.93  -13.68  179.83    0.00
178  0.03186   14.06  -15.18  179.83    0.00
179  0.03204   14.19  -17.34  179.84    0.00
180  0.03222   14.21  -13.27  179.84    0.00
181  0.03240   14.31  -15.93  179.85    0.00
182  0.03258   14.45  -13.32  179.85    0.00
183  0.03276   14.54  -14.34  179.86    0.00
184  0.03294   14.61  -14.03  179.86    0.00
185  0.03312   14.77  -13.91  179.86    0.00
186  0.03330   14.71  -12.62  179.87    0.00
187  0.03348   14.87  -14.84  179.87    0.00
188  0.03366   14.83  -12.99  179.87    0.00
189  0.03384   14.89  -14.95  179.88    0.00
190  0.03402   15.12  -13.58  179.88    0.00
191  0.03420   15.25  -13.98  179.88    0.00
192  0.03438   15.11  -17.36  179.88    0.00
193  0.03456   15.28  -15.37  179.89    0.00
194  0.03474   15.38  -17.79  179.89    0.00
195  0.03492   15.26  -17.63  179.89    0.00
196  0.03510   15.64  -14.85  179.89    0.00
197  0.03528   15.65  -15.32  179.90    0.00
198  0.03546   15.65  -17.32  179.90    0.00
199  0.03564   15.71  -17.15  179.90    0.00
200  0.03582   15.88  -15.42  179.90    0.00
