# Pomiary radaru CN0566 - rozszerzone metody
# Data: 2025-07-11 14:18:32
# Częstotliwość: 10.394 GHz
# Rozmiar kroku: 0.2 mm
# Estymowane współrzędne celu: (0.026, 0.000) m
# Kąt z estymacji współrzędnych: 179.92°
# Kąt z Synthetic Aperture: 0.00°
# Kolumny: Pomiar, Pozycja[m], Kąt_Podstawowy, Kąt_MLE, Kąt_Estym_Współrz, Kąt_SA
  1  0.00000  -33.50   33.59    0.19    0.00
  2  0.00018  -33.41   35.22    0.19    0.00
  3  0.00036  -33.68   33.74    0.19    0.00
  4  0.00054  -33.50   33.67    0.19    0.00
  5  0.00072  -33.45   33.19    0.19    0.00
  6  0.00090  -33.30   33.37    0.19    0.00
  7  0.00108  -33.52   33.68    0.19    0.00
  8  0.00126  -33.29   31.61    0.19    0.00
  9  0.00144  -33.08   32.99    0.20    0.00
 10  0.00162  -33.10   32.95    0.20    0.00
 11  0.00180  -33.05   33.07    0.20    0.00
 12  0.00198  -32.96   33.91    0.20    0.00
 13  0.00216  -32.90   32.24    0.20    0.00
 14  0.00234  -32.55   31.37    0.20    0.00
 15  0.00252  -32.12   34.50    0.20    0.00
 16  0.00270  -32.36   37.11    0.21    0.00
 17  0.00288  -31.95   31.37    0.21    0.00
 18  0.00306  -32.23   31.91    0.21    0.00
 19  0.00324  -31.58   31.93    0.21    0.00
 20  0.00342  -32.67   32.80    0.21    0.00
 21  0.00360  -31.68   31.91    0.21    0.00
 22  0.00378  -32.33   32.69    0.22    0.00
 23  0.00396  -31.45   31.55    0.22    0.00
 24  0.00414  -31.64   30.34    0.22    0.00
 25  0.00432  -31.84   32.53    0.22    0.00
 26  0.00450  -32.08   31.79    0.22    0.00
 27  0.00468  -31.65   31.44    0.23    0.00
 28  0.00486  -31.44   40.49    0.23    0.00
 29  0.00504  -31.36   29.92    0.23    0.00
 30  0.00522  -31.32   28.91    0.23    0.00
 31  0.00540  -31.23   30.86    0.23    0.00
 32  0.00558  -31.39   30.40    0.23    0.00
 33  0.00576  -31.04   30.87    0.24    0.00
 34  0.00594  -31.14   30.58    0.24    0.00
 35  0.00612  -31.02   32.12    0.24    0.00
 36  0.00630  -30.97   30.38    0.24    0.00
 37  0.00648  -31.00   34.54    0.25    0.00
 38  0.00666  -30.78   30.44    0.25    0.00
 39  0.00684  -30.46   31.56    0.25    0.00
 40  0.00702  -30.54   30.07    0.25    0.00
 41  0.00720  -30.53   30.18    0.25    0.00
 42  0.00738  -30.30   32.88    0.26    0.00
 43  0.00756  -30.66   28.35    0.26    0.00
 44  0.00774  -32.11   33.07    0.26    0.00
 45  0.00792  -31.88   32.93    0.26    0.00
 46  0.00810  -31.25   26.91    0.27    0.00
 47  0.00828  -31.01   31.03    0.27    0.00
 48  0.00846  -29.27   28.19    0.27    0.00
 49  0.00864  -30.38   30.66    0.28    0.00
 50  0.00882  -28.20   28.98    0.28    0.00
 51  0.00900  -28.74   26.39    0.28    0.00
 52  0.00918  -28.94   27.44    0.28    0.00
 53  0.00936  -29.44   30.46    0.29    0.00
 54  0.00954  -30.94   27.65    0.29    0.00
 55  0.00972  -28.48   26.41    0.29    0.00
 56  0.00990  -30.92   31.51    0.30    0.00
 57  0.01008  -29.11   27.13    0.30    0.00
 58  0.01026  -29.65   30.13    0.30    0.00
 59  0.01044  -28.52   28.16    0.31    0.00
 60  0.01062  -27.89   27.23    0.31    0.00
 61  0.01080  -29.56   29.15    0.31    0.00
 62  0.01098  -30.11   29.66    0.32    0.00
 63  0.01116  -30.57   31.26    0.32    0.00
 64  0.01134  -29.03   27.52    0.33    0.00
 65  0.01152  -28.17   29.05    0.33    0.00
 66  0.01170  -29.99   29.23    0.33    0.00
 67  0.01188  -29.66   34.63    0.34    0.00
 68  0.01206  -28.62   29.06    0.34    0.00
 69  0.01224  -29.22   29.22    0.35    0.00
 70  0.01242  -28.99   28.81    0.35    0.00
 71  0.01260  -28.85   29.08    0.35    0.00
 72  0.01278  -28.77   28.50    0.36    0.00
 73  0.01296  -29.01   30.82    0.36    0.00
 74  0.01314  -29.03   29.38    0.37    0.00
 75  0.01332  -28.48   28.83    0.37    0.00
 76  0.01350  -29.33   28.72    0.38    0.00
 77  0.01368  -29.71   29.66    0.39    0.00
 78  0.01386  -29.27   27.80    0.39    0.00
 79  0.01404  -28.07   28.98    0.40    0.00
 80  0.01422  -28.52   28.66    0.40    0.00
 81  0.01440  -28.51   28.48    0.41    0.00
 82  0.01458  -28.36   25.85    0.41    0.00
 83  0.01476  -28.31   26.67    0.42    0.00
 84  0.01494  -27.92   27.57    0.43    0.00
 85  0.01512  -27.87   28.13    0.43    0.00
 86  0.01530  -27.89   28.34    0.44    0.00
 87  0.01548  -27.91   27.22    0.45    0.00
 88  0.01566  -27.83   27.20    0.46    0.00
 89  0.01584  -27.79   29.44    0.46    0.00
 90  0.01602  -27.57   31.52    0.47    0.00
 91  0.01620  -27.69   24.92    0.48    0.00
 92  0.01638  -27.95   41.93    0.49    0.00
 93  0.01656  -27.35   28.00    0.50    0.00
 94  0.01674  -27.29   27.05    0.51    0.00
 95  0.01692  -27.34   28.20    0.52    0.00
 96  0.01710  -27.45   27.41    0.53    0.00
 97  0.01728  -27.39   28.14    0.54    0.00
 98  0.01746  -26.92   27.19    0.55    0.00
 99  0.01764  -26.91   26.90    0.56    0.00
100  0.01782  -26.83   26.38    0.57    0.00
101  0.01800  -27.25   25.94    0.59    0.00
102  0.01818  -27.22   27.33    0.60    0.00
103  0.01836  -27.21   26.25    0.61    0.00
104  0.01854  -27.04   28.48    0.63    0.00
105  0.01872  -27.07   27.56    0.64    0.00
106  0.01890  -26.85   26.76    0.66    0.00
107  0.01908  -26.72   26.19    0.67    0.00
108  0.01926  -26.37   25.35    0.69    0.00
109  0.01944  -26.41   25.65    0.71    0.00
110  0.01962  -26.53   26.91    0.73    0.00
111  0.01980  -26.21   26.52    0.75    0.00
112  0.01998  -26.29   25.50    0.77    0.00
113  0.02016  -26.12   27.20    0.79    0.00
114  0.02034  -26.14   24.37    0.81    0.00
115  0.02052  -26.15   25.60    0.84    0.00
116  0.02070  -25.99   26.66    0.87    0.00
117  0.02088  -26.01   25.39    0.89    0.00
118  0.02106  -25.98   25.27    0.92    0.00
119  0.02124  -25.85   28.52    0.96    0.00
120  0.02142  -25.78   25.17    0.99    0.00
121  0.02160  -25.66   25.54    1.03    0.00
122  0.02178  -25.43   25.54    1.07    0.00
123  0.02196  -25.44   25.74    1.12    0.00
124  0.02214  -25.44   26.35    1.16    0.00
125  0.02232  -25.35   25.76    1.22    0.00
126  0.02250  -25.12   23.83    1.27    0.00
127  0.02268  -25.33   26.07    1.33    0.00
128  0.02286  -25.29   24.06    1.40    0.00
129  0.02304  -25.26   25.33    1.48    0.00
130  0.02322  -25.05   25.17    1.57    0.00
131  0.02340  -25.05   35.25    1.66    0.00
132  0.02358  -24.76   25.05    1.77    0.00
133  0.02376  -24.77   25.67    1.90    0.00
134  0.02394  -24.44   24.46    2.04    0.00
135  0.02412  -24.51   23.98    2.20    0.00
136  0.02430  -24.52   24.40    2.40    0.00
137  0.02448  -24.24   23.62    2.63    0.00
138  0.02466  -24.45   24.98    2.92    0.00
139  0.02484  -24.11   24.39    3.27    0.00
140  0.02502  -24.09   23.36    3.71    0.00
141  0.02520  -24.00   22.98    4.30    0.00
142  0.02538  -24.17   23.77    5.12    0.00
143  0.02556  -24.14   22.88    6.30    0.00
144  0.02574  -24.00   24.00    8.20    0.00
145  0.02592  -23.93   22.96   11.72    0.00
146  0.02610  -23.80   23.46   20.30    0.00
147  0.02628  -23.47   22.53   59.58    0.00
148  0.02646  -23.69   25.80  146.82    0.00
149  0.02664  -23.44   21.98  164.66    0.00
150  0.02682  -23.30   23.27  170.15    0.00
151  0.02700  -23.27   21.50  172.77    0.00
152  0.02718  -22.79   24.11  174.29    0.00
153  0.02736  -22.78   23.83  175.28    0.00
154  0.02754  -22.79   22.63  175.98    0.00
155  0.02772  -23.08   22.71  176.50    0.00
156  0.02790  -23.18   21.96  176.90    0.00
157  0.02808  -22.80   20.83  177.22    0.00
158  0.02826  -22.94   20.56  177.48    0.00
159  0.02844  -22.93   21.23  177.69    0.00
160  0.02862  -23.06   25.82  177.87    0.00
161  0.02880  -22.99   20.67  178.03    0.00
162  0.02898  -22.94   22.52  178.16    0.00
163  0.02916  -23.01   20.35  178.28    0.00
164  0.02934  -23.24   21.20  178.38    0.00
165  0.02952  -23.18   22.32  178.47    0.00
166  0.02970  -23.19   25.78  178.55    0.00
167  0.02988  -23.51   24.22  178.63    0.00
168  0.03006  -23.02   23.12  178.69    0.00
169  0.03024  -23.14   23.02  178.75    0.00
170  0.03042  -22.95   24.70  178.81    0.00
171  0.03060  -23.02   24.34  178.86    0.00
172  0.03078  -22.96   21.51  178.91    0.00
173  0.03096  -22.84   24.03  178.95    0.00
174  0.03114  -22.61   21.73  178.99    0.00
175  0.03132  -22.52   21.54  179.02    0.00
176  0.03150  -21.32   22.15  179.06    0.00
177  0.03168  -21.33   20.63  179.09    0.00
178  0.03186  -21.17   20.34  179.12    0.00
179  0.03204  -21.19   21.13  179.15    0.00
180  0.03222  -21.00   21.12  179.17    0.00
181  0.03240  -21.04   16.71  179.20    0.00
182  0.03258  -20.82   23.81  179.22    0.00
183  0.03276  -20.89   21.89  179.24    0.00
184  0.03294  -20.52   21.00  179.26    0.00
185  0.03312  -20.64   20.48  179.28    0.00
186  0.03330  -20.47   19.90  179.30    0.00
187  0.03348  -20.82   20.74  179.32    0.00
188  0.03366  -20.74   20.76  179.34    0.00
189  0.03384  -19.96   20.56  179.35    0.00
190  0.03402  -20.43   19.19  179.37    0.00
191  0.03420  -20.30   19.32  179.38    0.00
192  0.03438  -20.19   19.87  179.39    0.00
193  0.03456  -19.87   20.37  179.41    0.00
194  0.03474  -20.19   27.29  179.42    0.00
195  0.03492  -19.84   19.51  179.43    0.00
196  0.03510  -19.87   15.91  179.44    0.00
197  0.03528  -19.77   20.04  179.46    0.00
198  0.03546  -19.72   21.13  179.47    0.00
199  0.03564  -20.09   20.39  179.48    0.00
200  0.03582  -19.72   19.40  179.49    0.00
201  0.03600  -19.47   19.97  179.50    0.00
202  0.03618  -19.57   19.95  179.51    0.00
203  0.03636  -19.33   20.44  179.51    0.00
204  0.03654  -19.81   19.76  179.52    0.00
205  0.03672  -19.34   18.60  179.53    0.00
206  0.03690  -19.43   19.28  179.54    0.00
207  0.03708  -19.50   19.27  179.55    0.00
208  0.03726  -19.48   18.56  179.55    0.00
209  0.03744  -19.41   19.21  179.56    0.00
210  0.03762  -19.24   19.05  179.57    0.00
211  0.03780  -18.91   18.85  179.58    0.00
212  0.03798  -19.09   19.27  179.58    0.00
213  0.03816  -18.64   18.82  179.59    0.00
214  0.03834  -19.02   18.58  179.59    0.00
215  0.03852  -18.86   19.04  179.60    0.00
216  0.03870  -18.84   18.63  179.61    0.00
217  0.03888  -18.83   18.65  179.61    0.00
218  0.03906  -18.92   18.33  179.62    0.00
219  0.03924  -18.53   18.18  179.62    0.00
220  0.03942  -18.72   18.57  179.63    0.00
221  0.03960  -18.47   19.65  179.63    0.00
222  0.03978  -18.30   17.91  179.64    0.00
223  0.03996  -18.57   18.55  179.64    0.00
224  0.04014  -17.76   18.49  179.65    0.00
225  0.04032  -18.06   18.26  179.65    0.00
226  0.04050  -17.97   17.32  179.66    0.00
227  0.04068  -18.11   19.11  179.66    0.00
228  0.04086  -17.92   17.79  179.66    0.00
229  0.04104  -17.91   16.35  179.67    0.00
230  0.04122  -17.96   18.35  179.67    0.00
231  0.04140  -18.02   18.54  179.68    0.00
232  0.04158  -17.80   17.57  179.68    0.00
233  0.04176  -17.67   17.27  179.68    0.00
234  0.04194  -17.68   17.61  179.69    0.00
235  0.04212  -17.57   16.71  179.69    0.00
236  0.04230  -17.50   16.61  179.69    0.00
237  0.04248  -17.42   18.20  179.70    0.00
238  0.04266  -17.48   16.85  179.70    0.00
239  0.04284  -17.51   17.10  179.70    0.00
240  0.04302  -17.22   17.76  179.71    0.00
241  0.04320  -17.27   16.27  179.71    0.00
242  0.04338  -17.05   17.13  179.71    0.00
243  0.04356  -17.21   17.06  179.72    0.00
244  0.04374  -17.08   16.75  179.72    0.00
245  0.04392  -17.00   17.28  179.72    0.00
246  0.04410  -17.15   16.20  179.73    0.00
247  0.04428  -16.92   16.94  179.73    0.00
248  0.04446  -17.21   18.07  179.73    0.00
249  0.04464  -16.47   17.15  179.73    0.00
250  0.04482  -16.40   16.34  179.74    0.00
251  0.04500  -16.23   16.72  179.74    0.00
252  0.04518  -16.04   16.60  179.74    0.00
253  0.04536  -16.30   14.93  179.74    0.00
254  0.04554  -16.23   17.18  179.75    0.00
255  0.04572  -16.08   16.33  179.75    0.00
256  0.04590  -16.25   15.94  179.75    0.00
257  0.04608  -16.15   16.05  179.75    0.00
258  0.04626  -16.00   15.18  179.76    0.00
259  0.04644  -16.14   15.99  179.76    0.00
260  0.04662  -16.05   17.27  179.76    0.00
261  0.04680  -15.95   15.93  179.76    0.00
262  0.04698  -15.88   16.42  179.76    0.00
263  0.04716  -15.76   14.72  179.77    0.00
264  0.04734  -15.76   15.52  179.77    0.00
265  0.04752  -15.75   15.53  179.77    0.00
266  0.04770  -15.66   15.64  179.77    0.00
267  0.04788  -15.57   15.54  179.77    0.00
268  0.04806  -15.47   15.66  179.78    0.00
269  0.04824  -15.36   16.04  179.78    0.00
270  0.04842  -15.29   15.01  179.78    0.00
271  0.04860  -15.22   15.82  179.78    0.00
272  0.04878  -15.31   15.10  179.78    0.00
273  0.04896  -15.22   15.13  179.78    0.00
274  0.04914  -15.14   15.29  179.79    0.00
275  0.04932  -15.02   14.46  179.79    0.00
276  0.04950  -14.88   15.21  179.79    0.00
277  0.04968  -14.85   15.36  179.79    0.00
278  0.04986  -14.76    8.90  179.79    0.00
279  0.05004  -14.78   14.43  179.79    0.00
280  0.05022  -14.66   14.70  179.80    0.00
281  0.05040  -14.55   14.51  179.80    0.00
282  0.05058  -14.49   23.27  179.80    0.00
283  0.05076  -14.41   16.34  179.80    0.00
284  0.05094  -14.32   12.27  179.80    0.00
285  0.05112  -14.29   16.39  179.80    0.00
286  0.05130  -14.36   13.87  179.80    0.00
287  0.05148  -14.22   13.57  179.81    0.00
288  0.05166  -14.20   14.22  179.81    0.00
289  0.05184  -14.06   14.59  179.81    0.00
290  0.05202  -13.89   13.85  179.81    0.00
291  0.05220  -13.79   14.93  179.81    0.00
292  0.05238  -13.77   11.05  179.81    0.00
293  0.05256  -13.73   13.36  179.81    0.00
294  0.05274  -13.70   13.61  179.82    0.00
295  0.05292  -13.70   13.73  179.82    0.00
296  0.05310  -13.54   13.68  179.82    0.00
297  0.05328  -13.46   11.19  179.82    0.00
298  0.05346  -13.24   13.22  179.82    0.00
299  0.05364  -13.28   12.85  179.82    0.00
300  0.05382  -13.24   12.72  179.82    0.00
301  0.05400  -13.11   12.97  179.82    0.00
302  0.05418  -13.12   12.48  179.83    0.00
303  0.05436  -12.89   14.11  179.83    0.00
304  0.05454  -12.81   13.22  179.83    0.00
305  0.05472  -12.38   12.35  179.83    0.00
306  0.05490  -12.84   17.55  179.83    0.00
307  0.05508  -12.76   11.53  179.83    0.00
308  0.05526  -12.54   12.84  179.83    0.00
309  0.05544  -12.77   12.45  179.83    0.00
310  0.05562  -12.47   12.91  179.83    0.00
311  0.05580  -12.34   12.33  179.83    0.00
312  0.05598  -12.41   13.16  179.84    0.00
313  0.05616  -12.16   12.74  179.84    0.00
314  0.05634  -12.14   11.78  179.84    0.00
315  0.05652  -12.26   11.59  179.84    0.00
316  0.05670  -12.22   12.23  179.84    0.00
317  0.05688  -12.13   12.57  179.84    0.00
318  0.05706  -12.04   12.04  179.84    0.00
319  0.05724  -11.84   11.32  179.84    0.00
320  0.05742  -11.90   12.42  179.84    0.00
321  0.05760  -11.58   11.71  179.84    0.00
322  0.05778  -11.48   10.88  179.85    0.00
323  0.05796  -11.51   12.09  179.85    0.00
324  0.05814  -11.36   11.32  179.85    0.00
325  0.05832  -11.29   12.83  179.85    0.00
326  0.05850  -11.28   11.26  179.85    0.00
327  0.05868  -11.13   10.71  179.85    0.00
328  0.05886  -11.05   12.13  179.85    0.00
329  0.05904  -10.97   11.18  179.85    0.00
330  0.05922  -10.82   11.78  179.85    0.00
331  0.05940  -10.84   10.28  179.85    0.00
332  0.05958  -10.79   10.71  179.85    0.00
333  0.05976  -10.70   12.32  179.85    0.00
334  0.05994  -10.63   13.59  179.86    0.00
335  0.06012  -10.50    7.86  179.86    0.00
336  0.06030  -10.50    9.60  179.86    0.00
337  0.06048  -10.53    9.80  179.86    0.00
338  0.06066  -10.42   11.28  179.86    0.00
339  0.06084  -10.29   10.73  179.86    0.00
340  0.06102  -10.24   10.47  179.86    0.00
341  0.06120  -10.14    8.06  179.86    0.00
342  0.06138  -10.05    9.81  179.86    0.00
343  0.06156   -9.98   10.04  179.86    0.00
344  0.06174   -9.90    9.67  179.86    0.00
345  0.06192   -9.82   10.53  179.86    0.00
346  0.06210   -9.74    9.92  179.86    0.00
347  0.06228   -9.58    9.92  179.86    0.00
348  0.06246   -9.68    9.70  179.87    0.00
349  0.06264   -9.61    9.64  179.87    0.00
350  0.06282   -9.68    9.35  179.87    0.00
351  0.06300   -9.35    9.83  179.87    0.00
352  0.06318   -9.28    8.95  179.87    0.00
353  0.06336   -9.06    8.83  179.87    0.00
354  0.06354   -9.18    8.26  179.87    0.00
355  0.06372   -9.05    9.31  179.87    0.00
356  0.06390   -9.01    8.44  179.87    0.00
357  0.06408   -9.14    8.79  179.87    0.00
358  0.06426   -8.82    8.57  179.87    0.00
359  0.06444   -8.74    9.08  179.87    0.00
360  0.06462   -8.56    8.05  179.87    0.00
361  0.06480   -8.71    8.64  179.87    0.00
362  0.06498   -8.53    7.81  179.87    0.00
363  0.06516   -8.68    8.51  179.87    0.00
364  0.06534   -8.59    9.07  179.88    0.00
365  0.06552   -8.79    8.40  179.88    0.00
366  0.06570   -8.59    8.58  179.88    0.00
367  0.06588   -8.27    8.78  179.88    0.00
368  0.06606   -8.30   11.23  179.88    0.00
369  0.06624   -8.13    8.59  179.88    0.00
370  0.06642   -8.09    8.09  179.88    0.00
371  0.06660   -7.95    8.71  179.88    0.00
372  0.06678   -7.76    7.76  179.88    0.00
373  0.06696   -7.79    8.19  179.88    0.00
374  0.06714   -7.68    7.58  179.88    0.00
375  0.06732   -7.65    8.20  179.88    0.00
376  0.06750   -7.60    7.42  179.88    0.00
377  0.06768   -7.73    7.77  179.88    0.00
378  0.06786   -7.43    9.54  179.88    0.00
379  0.06804   -7.78    7.57  179.88    0.00
380  0.06822   -7.38    7.95  179.88    0.00
381  0.06840   -7.42    7.30  179.88    0.00
382  0.06858   -8.35    9.60  179.88    0.00
383  0.06876   -7.34    7.71  179.89    0.00
384  0.06894   -7.24    7.27  179.89    0.00
385  0.06912   -7.41    4.39  179.89    0.00
386  0.06930   -7.72    6.24  179.89    0.00
387  0.06948   -7.53    6.29  179.89    0.00
388  0.06966   -7.17    7.14  179.89    0.00
389  0.06984   -7.32    6.92  179.89    0.00
390  0.07002   -6.77    7.01  179.89    0.00
391  0.07020   -6.76    6.76  179.89    0.00
392  0.07038   -6.65    7.34  179.89    0.00
393  0.07056   -6.66    6.47  179.89    0.00
394  0.07074   -6.57    6.73  179.89    0.00
395  0.07092   -6.47    6.59  179.89    0.00
396  0.07110   -6.22    6.04  179.89    0.00
397  0.07128   -6.29    6.89  179.89    0.00
398  0.07146   -6.17    7.60  179.89    0.00
399  0.07164   -6.12    5.79  179.89    0.00
400  0.07182   -6.10    4.12  179.89    0.00
401  0.07200   -6.09    3.29  179.89    0.00
402  0.07218   -5.99    5.99  179.89    0.00
403  0.07236   -5.91    6.42  179.89    0.00
404  0.07254   -5.85    5.74  179.89    0.00
405  0.07272   -5.84    2.36  179.89    0.00
406  0.07290   -5.71    5.49  179.90    0.00
407  0.07308   -5.68    5.77  179.90    0.00
408  0.07326   -5.68    5.50  179.90    0.00
409  0.07344   -5.74    5.49  179.90    0.00
410  0.07362   -5.67    8.71  179.90    0.00
411  0.07380   -5.62    7.78  179.90    0.00
412  0.07398   -5.55    5.24  179.90    0.00
413  0.07416   -5.22    5.06  179.90    0.00
414  0.07434   -5.16    5.08  179.90    0.00
415  0.07452   -5.09    5.16  179.90    0.00
416  0.07470   -4.99    3.85  179.90    0.00
417  0.07488   -5.08    5.12  179.90    0.00
418  0.07506   -5.01    5.16  179.90    0.00
419  0.07524   -4.88    4.96  179.90    0.00
420  0.07542   -4.74    5.28  179.90    0.00
421  0.07560   -4.66    3.69  179.90    0.00
422  0.07578   -4.80    3.84  179.90    0.00
423  0.07596   -4.65    5.04  179.90    0.00
424  0.07614   -4.59    4.86  179.90    0.00
425  0.07632   -4.79    6.11  179.90    0.00
426  0.07650   -4.96    4.14  179.90    0.00
427  0.07668   -5.03    5.65  179.90    0.00
428  0.07686   -5.04    5.40  179.90    0.00
429  0.07704   -5.15    5.46  179.90    0.00
430  0.07722   -5.16    6.55  179.90    0.00
431  0.07740   -5.19    6.86  179.90    0.00
432  0.07758   -5.49    3.72  179.90    0.00
433  0.07776   -5.19    7.34  179.91    0.00
434  0.07794   -4.89    6.94  179.91    0.00
435  0.07812   -4.87    4.06  179.91    0.00
436  0.07830   -4.55    3.50  179.91    0.00
437  0.07848   -4.68    5.11  179.91    0.00
438  0.07866   -4.72    7.47  179.91    0.00
439  0.07884   -4.70    6.11  179.91    0.00
440  0.07902   -4.50    6.58  179.91    0.00
441  0.07920   -4.74    6.04  179.91    0.00
442  0.07938   -4.59    2.95  179.91    0.00
443  0.07956   -4.41    4.64  179.91    0.00
444  0.07974   -4.48    5.14  179.91    0.00
445  0.07992   -4.47    3.59  179.91    0.00
446  0.08010   -4.40    2.59  179.91    0.00
447  0.08028   -4.34    6.28  179.91    0.00
448  0.08046   -4.20    6.13  179.91    0.00
449  0.08064   -4.16    4.27  179.91    0.00
450  0.08082   -3.97    4.97  179.91    0.00
451  0.08100   -4.04    5.20  179.91    0.00
452  0.08118   -3.79    1.85  179.91    0.00
453  0.08136   -3.76    3.42  179.91    0.00
454  0.08154   -3.73    2.97  179.91    0.00
455  0.08172   -3.71    4.83  179.91    0.00
456  0.08190   -3.57    3.35  179.91    0.00
457  0.08208   -3.68    5.32  179.91    0.00
458  0.08226   -3.79    2.54  179.91    0.00
459  0.08244   -3.58    2.62  179.91    0.00
460  0.08262   -3.56    1.53  179.91    0.00
461  0.08280   -3.61    3.50  179.91    0.00
462  0.08298   -3.47    5.85  179.91    0.00
463  0.08316   -3.34    5.16  179.91    0.00
464  0.08334   -3.33    1.39  179.91    0.00
465  0.08352   -3.45    2.46  179.91    0.00
466  0.08370   -3.39    2.84  179.92    0.00
467  0.08388   -3.16    4.85  179.92    0.00
468  0.08406   -3.10    5.15  179.92    0.00
469  0.08424   -3.33    3.73  179.92    0.00
470  0.08442   -3.05    0.72  179.92    0.00
471  0.08460   -2.83    1.01  179.92    0.00
472  0.08478   -2.95   -0.46  179.92    0.00
473  0.08496   -2.91    3.95  179.92    0.00
474  0.08514   -2.93    3.79  179.92    0.00
475  0.08532   -2.81    0.69  179.92    0.00
476  0.08550   -2.62    2.37  179.92    0.00
477  0.08568   -2.72    2.53  179.92    0.00
478  0.08586   -2.87    5.20  179.92    0.00
479  0.08604   -2.38    2.42  179.92    0.00
480  0.08622   -2.53    3.74  179.92    0.00
481  0.08640   -2.72    2.63  179.92    0.00
482  0.08658   -2.35    0.02  179.92    0.00
483  0.08676   -2.23    1.08  179.92    0.00
484  0.08694   -2.09    1.77  179.92    0.00
485  0.08712   -2.15    1.15  179.92    0.00
486  0.08730   -1.98    3.26  179.92    0.00
487  0.08748   -1.94    2.63  179.92    0.00
488  0.08766   -1.99    0.81  179.92    0.00
489  0.08784   -1.82    0.46  179.92    0.00
490  0.08802   -1.78    3.93  179.92    0.00
491  0.08820   -1.67    0.57  179.92    0.00
492  0.08838   -1.60    0.20  179.92    0.00
493  0.08856   -0.23    0.24  179.92    0.00
494  0.08874   -0.20   -0.42  179.92    0.00
495  0.08892   -0.13   -2.69  179.92    0.00
496  0.08910   -0.03   -0.12  179.92    0.00
497  0.08928    0.01    0.94  179.92    0.00
498  0.08946    0.10    0.06  179.92    0.00
499  0.08964    0.13    0.39  179.92    0.00
500  0.08982    0.31   -0.05  179.92    0.00
501  0.09000    0.30   -0.03  179.92    0.00
502  0.09018    0.42    0.11  179.92    0.00
503  0.09036    0.47    0.01  179.92    0.00
504  0.09054    0.40    0.19  179.92    0.00
505  0.09072    0.42   -0.39  179.92    0.00
506  0.09090    0.57   -1.01  179.92    0.00
507  0.09108    0.80    0.16  179.92    0.00
508  0.09126    0.68   -0.81  179.92    0.00
509  0.09144    0.84   -0.53  179.93    0.00
510  0.09162    0.74   -1.01  179.93    0.00
511  0.09180    0.95   -0.87  179.93    0.00
512  0.09198    0.97   -0.94  179.93    0.00
513  0.09216    0.93   -0.53  179.93    0.00
514  0.09234    1.15   -1.37  179.93    0.00
515  0.09252    1.13   -0.75  179.93    0.00
516  0.09270    1.05   -0.85  179.93    0.00
517  0.09288    1.27   -0.14  179.93    0.00
518  0.09306    1.45   -2.25  179.93    0.00
519  0.09324    1.39   -1.43  179.93    0.00
520  0.09342    1.44   -1.61  179.93    0.00
521  0.09360    1.66   -1.50  179.93    0.00
522  0.09378    1.69   -1.75  179.93    0.00
523  0.09396    1.75   -2.22  179.93    0.00
524  0.09414    1.72   -2.35  179.93    0.00
525  0.09432    1.82   -4.17  179.93    0.00
526  0.09450    1.90   -2.27  179.93    0.00
527  0.09468    1.94   -2.25  179.93    0.00
528  0.09486    1.96   -2.15  179.93    0.00
529  0.09504    1.97   -1.77  179.93    0.00
530  0.09522    2.06   -1.88  179.93    0.00
531  0.09540    2.11   -2.18  179.93    0.00
532  0.09558    2.32   -2.27  179.93    0.00
533  0.09576    2.38   -2.59  179.93    0.00
534  0.09594    2.47   -2.53  179.93    0.00
535  0.09612    2.49   -1.62  179.93    0.00
536  0.09630    2.60   -2.78  179.93    0.00
537  0.09648    2.59   -3.56  179.93    0.00
538  0.09666    2.70   -2.80  179.93    0.00
539  0.09684    2.56   -2.71  179.93    0.00
540  0.09702    2.74   -2.79  179.93    0.00
541  0.09720    2.75   -2.82  179.93    0.00
542  0.09738    2.93   -2.63  179.93    0.00
543  0.09756    2.99   -3.31  179.93    0.00
544  0.09774    2.97   -3.20  179.93    0.00
545  0.09792    2.87   -3.03  179.93    0.00
546  0.09810    3.15   -2.82  179.93    0.00
547  0.09828    3.06   -4.40  179.93    0.00
548  0.09846    3.46   -2.99  179.93    0.00
549  0.09864    3.50   -3.13  179.93    0.00
550  0.09882    3.44   -3.15  179.93    0.00
551  0.09900    3.53   -3.77  179.93    0.00
552  0.09918    3.49   -3.58  179.93    0.00
553  0.09936    3.61   -3.29  179.93    0.00
554  0.09954    3.84   -4.08  179.93    0.00
555  0.09972    3.84   -3.94  179.93    0.00
556  0.09990    3.89   -3.94  179.93    0.00
557  0.10008    3.95   -4.64  179.93    0.00
558  0.10026    4.13   -3.67  179.93    0.00
559  0.10044    4.09   -2.57  179.93    0.00
560  0.10062    3.98   -4.64  179.93    0.00
561  0.10080    4.21   -3.99  179.93    0.00
562  0.10098    4.16   -4.54  179.93    0.00
563  0.10116    4.14   -4.84  179.93    0.00
564  0.10134    4.57   -4.31  179.94    0.00
565  0.10152    4.44   -4.44  179.94    0.00
566  0.10170    4.50   -4.56  179.94    0.00
567  0.10188    4.55   -4.55  179.94    0.00
568  0.10206    4.62   -4.73  179.94    0.00
569  0.10224    4.69   -4.49  179.94    0.00
570  0.10242    4.78   -5.21  179.94    0.00
571  0.10260    4.87   -4.58  179.94    0.00
572  0.10278    4.95   -4.59  179.94    0.00
573  0.10296    5.04   -5.66  179.94    0.00
574  0.10314    5.10   -4.95  179.94    0.00
575  0.10332    5.18   -5.14  179.94    0.00
576  0.10350    5.26   -5.31  179.94    0.00
577  0.10368    5.26   -5.17  179.94    0.00
578  0.10386    5.34   -5.60  179.94    0.00
579  0.10404    5.42   -5.47  179.94    0.00
580  0.10422    5.59   -5.93  179.94    0.00
581  0.10440    5.42   -6.83  179.94    0.00
582  0.10458    5.55   -5.16  179.94    0.00
583  0.10476    5.76   -6.35  179.94    0.00
584  0.10494    5.92   -6.09  179.94    0.00
585  0.10512    5.85   -5.70  179.94    0.00
586  0.10530    5.89   -4.94  179.94    0.00
587  0.10548    6.09   -4.49  179.94    0.00
588  0.10566    6.14   -6.63  179.94    0.00
589  0.10584    6.18   -6.57  179.94    0.00
590  0.10602    6.25   -6.61  179.94    0.00
591  0.10620    6.29   -6.24  179.94    0.00
592  0.10638    6.37   -5.34  179.94    0.00
593  0.10656    6.43   -6.51  179.94    0.00
594  0.10674    6.51   -6.24  179.94    0.00
595  0.10692    6.59   -6.54  179.94    0.00
596  0.10710    6.65   -6.21  179.94    0.00
597  0.10728    6.67   -6.97  179.94    0.00
598  0.10746    6.66   -6.91  179.94    0.00
599  0.10764    6.91   -7.12  179.94    0.00
600  0.10782    6.89   -6.85  179.94    0.00
601  0.10800    6.96   -6.86  179.94    0.00
602  0.10818    7.08   -6.50  179.94    0.00
603  0.10836    7.12   -6.95  179.94    0.00
604  0.10854    7.17   -6.71  179.94    0.00
605  0.10872    7.04   -8.11  179.94    0.00
606  0.10890    7.10   -6.95  179.94    0.00
607  0.10908    7.29   -7.18  179.94    0.00
608  0.10926    7.35   -7.32  179.94    0.00
609  0.10944    7.52   -8.04  179.94    0.00
610  0.10962    7.44   -7.70  179.94    0.00
611  0.10980    7.48   -8.07  179.94    0.00
612  0.10998    7.71   -7.56  179.94    0.00
613  0.11016    7.83   -8.05  179.94    0.00
614  0.11034    7.83   -7.84  179.94    0.00
615  0.11052    7.94   -7.47  179.94    0.00
616  0.11070    8.02   -8.32  179.94    0.00
617  0.11088    7.91   -7.83  179.94    0.00
618  0.11106    7.98   -7.86  179.94    0.00
619  0.11124    8.16   -8.16  179.94    0.00
620  0.11142    7.93   -8.16  179.94    0.00
621  0.11160    8.11   -8.32  179.94    0.00
622  0.11178    7.66   -5.90  179.94    0.00
623  0.11196    8.44   -8.59  179.94    0.00
624  0.11214    8.32   -8.05  179.94    0.00
625  0.11232    8.17   -8.14  179.94    0.00
626  0.11250    8.34   -8.10  179.94    0.00
627  0.11268    8.36   -8.40  179.94    0.00
628  0.11286    8.49   -9.12  179.94    0.00
629  0.11304    8.43   -8.56  179.94    0.00
630  0.11322    8.66   -7.87  179.94    0.00
631  0.11340    8.62   -8.53  179.94    0.00
632  0.11358    9.31   -9.58  179.94    0.00
633  0.11376    9.01   -8.98  179.94    0.00
634  0.11394    8.95   -8.35  179.94    0.00
635  0.11412    8.97   -9.18  179.94    0.00
636  0.11430    9.02   -8.94  179.94    0.00
637  0.11448    8.90  -10.48  179.94    0.00
638  0.11466    8.97   -8.90  179.94    0.00
639  0.11484    8.99   -9.36  179.94    0.00
640  0.11502    9.22   -9.17  179.95    0.00
641  0.11520    9.39   -9.20  179.95    0.00
642  0.11538    9.47  -10.04  179.95    0.00
643  0.11556    9.53   -9.59  179.95    0.00
644  0.11574    9.54   -9.36  179.95    0.00
645  0.11592    9.76   -9.58  179.95    0.00
646  0.11610    9.46   -8.31  179.95    0.00
647  0.11628    9.59  -10.16  179.95    0.00
648  0.11646    9.77   -9.10  179.95    0.00
649  0.11664    9.91   -9.89  179.95    0.00
650  0.11682    9.88   -9.05  179.95    0.00
651  0.11700    9.96  -10.99  179.95    0.00
652  0.11718   10.08   -5.86  179.95    0.00
653  0.11736   10.18  -10.18  179.95    0.00
654  0.11754   10.20  -10.38  179.95    0.00
655  0.11772   10.29  -10.83  179.95    0.00
656  0.11790   10.40  -10.28  179.95    0.00
657  0.11808   10.47   -9.96  179.95    0.00
658  0.11826   10.52  -11.71  179.95    0.00
659  0.11844   10.57  -10.92  179.95    0.00
660  0.11862   10.66  -11.77  179.95    0.00
661  0.11880   10.74  -11.81  179.95    0.00
662  0.11898   10.82  -10.50  179.95    0.00
663  0.11916   10.89  -13.36  179.95    0.00
664  0.11934   10.96  -10.30  179.95    0.00
665  0.11952   11.05  -11.02  179.95    0.00
666  0.11970   11.05  -11.48  179.95    0.00
667  0.11988   11.15  -11.16  179.95    0.00
668  0.12006   11.22  -10.89  179.95    0.00
669  0.12024   11.01  -11.58  179.95    0.00
670  0.12042   11.42  -12.03  179.95    0.00
671  0.12060   11.18  -10.82  179.95    0.00
672  0.12078   11.10  -10.39  179.95    0.00
673  0.12096   11.19   -9.32  179.95    0.00
674  0.12114   11.18  -11.47  179.95    0.00
675  0.12132   11.28  -11.43  179.95    0.00
676  0.12150   11.40  -11.93  179.95    0.00
677  0.12168   11.40  -11.26  179.95    0.00
678  0.12186   11.41   -7.91  179.95    0.00
679  0.12204   11.47  -10.69  179.95    0.00
680  0.12222   11.59  -11.21  179.95    0.00
681  0.12240   11.76  -12.20  179.95    0.00
682  0.12258   11.73  -12.06  179.95    0.00
683  0.12276   12.34  -12.49  179.95    0.00
684  0.12294   12.01  -11.02  179.95    0.00
685  0.12312   12.34  -13.56  179.95    0.00
686  0.12330   12.36  -12.52  179.95    0.00
687  0.12348   12.42  -11.56  179.95    0.00
688  0.12366   12.45  -12.19  179.95    0.00
689  0.12384   12.52  -11.34  179.95    0.00
690  0.12402   12.56  -12.29  179.95    0.00
691  0.12420   12.73  -12.01  179.95    0.00
692  0.12438   12.79  -12.92  179.95    0.00
693  0.12456   12.94  -13.90  179.95    0.00
694  0.12474   13.07  -13.40  179.95    0.00
695  0.12492   13.09  -13.19  179.95    0.00
696  0.12510   13.18  -12.71  179.95    0.00
697  0.12528   13.19  -10.81  179.95    0.00
698  0.12546   13.42  -10.54  179.95    0.00
699  0.12564   13.19  -14.30  179.95    0.00
700  0.12582   13.28  -13.13  179.95    0.00
701  0.12600   13.22  -12.12  179.95    0.00
702  0.12618   13.42  -12.17  179.95    0.00
703  0.12636   13.51  -14.13  179.95    0.00
704  0.12654   13.46  -13.65  179.95    0.00
705  0.12672   13.88  -13.42  179.95    0.00
706  0.12690   13.82  -14.56  179.95    0.00
707  0.12708   13.87  -14.20  179.95    0.00
708  0.12726   14.00  -13.40  179.95    0.00
709  0.12744   13.81  -11.88  179.95    0.00
710  0.12762   13.92  -13.85  179.95    0.00
711  0.12780   14.08  -14.06  179.95    0.00
712  0.12798   14.05  -13.89  179.95    0.00
713  0.12816   14.61  -13.61  179.95    0.00
714  0.12834   14.57  -13.94  179.95    0.00
715  0.12852   14.54  -14.43  179.95    0.00
716  0.12870   14.44  -14.56  179.95    0.00
717  0.12888   14.50  -15.64  179.95    0.00
718  0.12906   14.32  -15.43  179.95    0.00
719  0.12924   14.52  -14.47  179.95    0.00
720  0.12942   14.68  -17.37  179.95    0.00
721  0.12960   14.89  -14.98  179.95    0.00
722  0.12978   14.87  -15.78  179.95    0.00
723  0.12996   15.00  -15.01  179.95    0.00
724  0.13014   15.00  -14.27  179.95    0.00
725  0.13032   15.17  -14.99  179.95    0.00
726  0.13050   15.05  -15.47  179.95    0.00
727  0.13068   15.10  -14.78  179.95    0.00
728  0.13086   15.02  -19.33  179.95    0.00
729  0.13104   15.36  -15.27  179.95    0.00
730  0.13122   15.25  -14.97  179.95    0.00
731  0.13140   15.41  -15.57  179.95    0.00
732  0.13158   15.38  -14.95  179.95    0.00
733  0.13176   15.55  -14.91  179.95    0.00
734  0.13194   15.64  -14.92  179.95    0.00
735  0.13212   15.89  -17.00  179.95    0.00
736  0.13230   15.94  -16.39  179.95    0.00
737  0.13248   16.01  -16.15  179.95    0.00
738  0.13266   16.07  -16.10  179.95    0.00
739  0.13284   16.02  -16.24  179.95    0.00
740  0.13302   16.18  -11.98  179.95    0.00
741  0.13320   16.11  -19.72  179.95    0.00
742  0.13338   16.27  -14.10  179.95    0.00
743  0.13356   16.28  -16.64  179.95    0.00
744  0.13374   16.46  -16.96  179.95    0.00
745  0.13392   16.48  -17.78  179.95    0.00
746  0.13410   16.47  -16.08  179.95    0.00
747  0.13428   16.70  -16.00  179.95    0.00
748  0.13446   16.52  -16.41  179.95    0.00
749  0.13464   16.62  -16.09  179.96    0.00
750  0.13482   16.83  -16.35  179.96    0.00
751  0.13500   16.98  -18.60  179.96    0.00
752  0.13518   17.17  -17.31  179.96    0.00
753  0.13536   17.07  -16.74  179.96    0.00
754  0.13554   16.85  -16.49  179.96    0.00
755  0.13572   16.87  -17.42  179.96    0.00
756  0.13590   17.05  -16.15  179.96    0.00
757  0.13608   17.35  -16.79  179.96    0.00
758  0.13626   17.31  -17.45  179.96    0.00
759  0.13644   17.13  -19.43  179.96    0.00
760  0.13662   17.14  -16.63  179.96    0.00
761  0.13680   17.44  -17.78  179.96    0.00
762  0.13698   17.55  -15.61  179.96    0.00
763  0.13716   17.48  -17.74  179.96    0.00
764  0.13734   17.62  -19.02  179.96    0.00
765  0.13752   17.71  -16.55  179.96    0.00
766  0.13770   17.87  -20.58  179.96    0.00
767  0.13788   17.95  -18.72  179.96    0.00
768  0.13806   18.02  -19.03  179.96    0.00
769  0.13824   18.06  -18.52  179.96    0.00
770  0.13842   18.01  -17.85  179.96    0.00
771  0.13860   18.20  -17.85  179.96    0.00
772  0.13878   18.16  -18.69  179.96    0.00
773  0.13896   18.35  -17.50  179.96    0.00
774  0.13914   18.39  -17.75  179.96    0.00
775  0.13932   18.51  -18.23  179.96    0.00
776  0.13950   18.61  -17.72  179.96    0.00
777  0.13968   18.82  -19.38  179.96    0.00
778  0.13986   18.90  -18.66  179.96    0.00
779  0.14004   19.35  -19.23  179.96    0.00
780  0.14022   19.03  -18.47  179.96    0.00
781  0.14040   19.14  -17.92  179.96    0.00
782  0.14058   19.44  -19.50  179.96    0.00
783  0.14076   19.57  -21.75  179.96    0.00
784  0.14094   19.62  -20.17  179.96    0.00
785  0.14112   19.18  -19.69  179.96    0.00
786  0.14130   19.60  -20.12  179.96    0.00
787  0.14148   19.41  -19.32  179.96    0.00
788  0.14166   19.63  -20.68  179.96    0.00
789  0.14184   19.67  -19.36  179.96    0.00
790  0.14202   19.71  -19.84  179.96    0.00
791  0.14220   19.80  -20.17  179.96    0.00
792  0.14238   20.10  -19.79  179.96    0.00
793  0.14256   20.13  -18.88  179.96    0.00
794  0.14274   20.20  -20.43  179.96    0.00
795  0.14292   20.28  -20.17  179.96    0.00
796  0.14310   20.26  -20.56  179.96    0.00
797  0.14328   20.32  -20.01  179.96    0.00
798  0.14346   20.61  -21.65  179.96    0.00
799  0.14364   20.80  -20.64  179.96    0.00
800  0.14382   20.93  -18.36  179.96    0.00
801  0.14400   21.05  -21.09  179.96    0.00
802  0.14418   21.34  -22.00  179.96    0.00
803  0.14436   21.19  -21.31  179.96    0.00
804  0.14454   21.08  -20.98  179.96    0.00
805  0.14472   21.32  -20.39  179.96    0.00
806  0.14490   21.43  -21.39  179.96    0.00
807  0.14508   21.32  -21.45  179.96    0.00
808  0.14526   21.36  -21.10  179.96    0.00
809  0.14544   21.44  -21.13  179.96    0.00
810  0.14562   21.52  -21.36  179.96    0.00
811  0.14580   21.57  -21.42  179.96    0.00
812  0.14598   21.69  -21.02  179.96    0.00
813  0.14616   21.98  -20.61  179.96    0.00
814  0.14634   22.08  -21.19  179.96    0.00
815  0.14652   22.00  -20.53  179.96    0.00
816  0.14670   22.15  -24.03  179.96    0.00
817  0.14688   22.23  -22.39  179.96    0.00
818  0.14706   22.30  -33.06  179.96    0.00
819  0.14724   22.41  -23.28  179.96    0.00
820  0.14742   22.35  -23.26  179.96    0.00
821  0.14760   22.46  -21.99  179.96    0.00
822  0.14778   22.48  -23.04  179.96    0.00
823  0.14796   22.57  -21.47  179.96    0.00
824  0.14814   22.60  -25.68  179.96    0.00
825  0.14832   22.86  -23.07  179.96    0.00
826  0.14850   22.86  -23.41  179.96    0.00
827  0.14868   22.88  -23.45  179.96    0.00
828  0.14886   22.99  -21.30  179.96    0.00
829  0.14904   23.03  -22.57  179.96    0.00
830  0.14922   23.08  -24.39  179.96    0.00
831  0.14940   23.13  -22.73  179.96    0.00
832  0.14958   23.13  -22.47  179.96    0.00
833  0.14976   23.21  -24.28  179.96    0.00
834  0.14994   23.30  -24.28  179.96    0.00
835  0.15012   23.25  -23.29  179.96    0.00
836  0.15030   23.31  -24.09  179.96    0.00
837  0.15048   23.31  -22.95  179.96    0.00
838  0.15066   23.38  -22.96  179.96    0.00
839  0.15084   23.46  -23.41  179.96    0.00
840  0.15102   23.58  -24.04  179.96    0.00
841  0.15120   23.66  -27.65  179.96    0.00
842  0.15138   23.71  -25.03  179.96    0.00
843  0.15156   23.78  -24.66  179.96    0.00
844  0.15174   23.91  -24.26  179.96    0.00
845  0.15192   23.97  -24.05  179.96    0.00
846  0.15210   23.88  -24.16  179.96    0.00
847  0.15228   23.91  -23.37  179.96    0.00
848  0.15246   24.01  -22.94  179.96    0.00
849  0.15264   24.10  -24.59  179.96    0.00
850  0.15282   24.13  -24.13  179.96    0.00
851  0.15300   24.48  -23.38  179.96    0.00
852  0.15318   24.45  -24.03  179.96    0.00
853  0.15336   24.61  -24.43  179.96    0.00
854  0.15354   24.62  -25.47  179.96    0.00
855  0.15372   24.69  -25.58  179.96    0.00
856  0.15390   24.77  -24.77  179.96    0.00
857  0.15408   24.83  -24.89  179.96    0.00
858  0.15426   24.83  -24.91  179.96    0.00
859  0.15444   24.87  -25.04  179.96    0.00
860  0.15462   25.07  -24.66  179.96    0.00
861  0.15480   25.16  -25.33  179.96    0.00
862  0.15498   25.26  -25.11  179.96    0.00
863  0.15516   25.47  -25.38  179.96    0.00
864  0.15534   25.35  -32.82  179.96    0.00
865  0.15552   25.47  -24.95  179.96    0.00
866  0.15570   25.51  -25.24  179.96    0.00
867  0.15588   25.59  -26.65  179.96    0.00
868  0.15606   25.80  -26.19  179.96    0.00
869  0.15624   25.88  -25.36  179.96    0.00
870  0.15642   25.82  -28.34  179.96    0.00
871  0.15660   25.89  -24.34  179.96    0.00
872  0.15678   25.95  -25.87  179.96    0.00
873  0.15696   26.21  -26.09  179.96    0.00
874  0.15714   26.12  -24.84  179.96    0.00
875  0.15732   26.35  -26.65  179.96    0.00
876  0.15750   26.28  -27.12  179.96    0.00
877  0.15768   26.45  -27.26  179.96    0.00
878  0.15786   26.51  -25.79  179.96    0.00
879  0.15804   26.61  -25.85  179.96    0.00
880  0.15822   26.72  -26.05  179.96    0.00
881  0.15840   26.70  -28.32  179.96    0.00
882  0.15858   26.73  -25.75  179.96    0.00
883  0.15876   26.79  -26.85  179.96    0.00
884  0.15894   26.90  -27.38  179.96    0.00
885  0.15912   26.98  -26.79  179.96    0.00
886  0.15930   27.11  -26.49  179.96    0.00
887  0.15948   27.15  -27.41  179.96    0.00
888  0.15966   27.21  -26.96  179.96    0.00
889  0.15984   27.27  -27.93  179.96    0.00
890  0.16002   27.30  -25.78  179.96    0.00
891  0.16020   27.41  -26.75  179.96    0.00
892  0.16038   27.46  -29.23  179.96    0.00
893  0.16056   27.50  -27.36  179.96    0.00
894  0.16074   27.65  -28.04  179.96    0.00
895  0.16092   27.70  -27.31  179.96    0.00
896  0.16110   27.76  -28.17  179.96    0.00
897  0.16128   27.88  -27.71  179.96    0.00
898  0.16146   27.90  -26.31  179.96    0.00
899  0.16164   27.96  -26.45  179.96    0.00
900  0.16182   27.92  -27.26  179.96    0.00
901  0.16200   28.01  -26.70  179.96    0.00
902  0.16218   28.13  -28.43  179.96    0.00
903  0.16236   28.30  -22.80  179.96    0.00
904  0.16254   28.40  -29.49  179.96    0.00
905  0.16272   28.44  -28.25  179.96    0.00
906  0.16290   28.47  -28.20  179.96    0.00
907  0.16308   28.65  -28.37  179.96    0.00
908  0.16326   28.48  -28.97  179.96    0.00
909  0.16344   28.75  -28.54  179.96    0.00
910  0.16362   28.66  -28.01  179.96    0.00
911  0.16380   28.74  -30.06  179.96    0.00
912  0.16398   28.75  -29.06  179.96    0.00
913  0.16416   28.89  -30.86  179.96    0.00
914  0.16434   29.07  -30.45  179.96    0.00
915  0.16452   29.00  -27.44  179.96    0.00
916  0.16470   29.13  -28.37  179.96    0.00
917  0.16488   29.15  -26.92  179.96    0.00
918  0.16506   29.44  -30.51  179.96    0.00
919  0.16524   29.54  -27.30  179.96    0.00
920  0.16542   29.59  -30.65  179.96    0.00
921  0.16560   29.58  -28.99  179.97    0.00
922  0.16578   29.49  -29.40  179.97    0.00
923  0.16596   29.55  -28.45  179.97    0.00
924  0.16614   29.58  -30.11  179.97    0.00
925  0.16632   29.73  -30.79  179.97    0.00
926  0.16650   29.77  -29.30  179.97    0.00
927  0.16668   29.86  -30.78  179.97    0.00
928  0.16686   29.90  -30.38  179.97    0.00
929  0.16704   29.98  -29.78  179.97    0.00
930  0.16722   30.05  -30.54  179.97    0.00
931  0.16740   30.10  -30.24  179.97    0.00
932  0.16758   30.14  -28.15  179.97    0.00
933  0.16776   30.22  -30.83  179.97    0.00
934  0.16794   30.31  -37.86  179.97    0.00
935  0.16812   30.40  -30.38  179.97    0.00
936  0.16830   30.49  -34.47  179.97    0.00
937  0.16848   30.55  -29.66  179.97    0.00
938  0.16866   30.74  -29.59  179.97    0.00
939  0.16884   30.76  -30.43  179.97    0.00
940  0.16902   30.81  -30.92  179.97    0.00
941  0.16920   30.86  -30.61  179.97    0.00
942  0.16938   31.08  -27.93  179.97    0.00
943  0.16956   31.10  -31.87  179.97    0.00
944  0.16974   31.18  -31.41  179.97    0.00
945  0.16992   31.27  -31.56  179.97    0.00
946  0.17010   31.33  -31.50  179.97    0.00
947  0.17028   31.22  -31.14  179.97    0.00
948  0.17046   31.29  -43.84  179.97    0.00
949  0.17064   31.53  -31.71  179.97    0.00
950  0.17082   31.65  -32.72  179.97    0.00
951  0.17100   31.76  -31.36  179.97    0.00
952  0.17118   31.81  -31.62  179.97    0.00
953  0.17136   31.86  -31.45  179.97    0.00
954  0.17154   31.87  -31.16  179.97    0.00
955  0.17172   31.95  -22.03  179.97    0.00
956  0.17190   32.02  -31.35  179.97    0.00
957  0.17208   32.15  -32.87  179.97    0.00
958  0.17226   32.22  -32.47  179.97    0.00
959  0.17244   32.30  -31.85  179.97    0.00
960  0.17262   32.33  -32.89  179.97    0.00
961  0.17280   32.44  -33.07  179.97    0.00
962  0.17298   32.56  -39.43  179.97    0.00
963  0.17316   32.66  -30.95  179.97    0.00
964  0.17334   32.61  -33.84  179.97    0.00
965  0.17352   32.75  -32.47  179.97    0.00
966  0.17370   32.88  -32.56  179.97    0.00
967  0.17388   32.82  -32.62  179.97    0.00
968  0.17406   32.91  -33.31  179.97    0.00
969  0.17424   33.10  -30.13  179.97    0.00
970  0.17442   32.86  -33.21  179.97    0.00
971  0.17460   32.84  -33.68  179.97    0.00
972  0.17478   32.52  -31.55  179.97    0.00
973  0.17496   32.51  -34.67  179.97    0.00
974  0.17514   32.36  -32.81  179.97    0.00
975  0.17532   32.33  -32.64  179.97    0.00
976  0.17550   32.21  -31.71  179.97    0.00
977  0.17568   32.20  -33.46  179.97    0.00
978  0.17586   32.30  -33.01  179.97    0.00
979  0.17604   32.26  -32.42  179.97    0.00
980  0.17622   32.29  -33.42  179.97    0.00
981  0.17640   32.19  -31.79  179.97    0.00
982  0.17658   32.35  -35.05  179.97    0.00
983  0.17676   32.48  -31.04  179.97    0.00
984  0.17694   32.57  -28.72  179.97    0.00
985  0.17712   32.62  -29.97  179.97    0.00
986  0.17730   32.68  -30.24  179.97    0.00
987  0.17748   32.75  -33.87  179.97    0.00
988  0.17766   32.81  -34.33  179.97    0.00
989  0.17784   32.92  -35.89  179.97    0.00
990  0.17802   32.97  -39.13  179.97    0.00
991  0.17820   33.05  -33.00  179.97    0.00
992  0.17838   33.10  -31.72  179.97    0.00
993  0.17856   33.13  -31.98  179.97    0.00
994  0.17874   33.19  -31.77  179.97    0.00
995  0.17892   33.29  -34.64  179.97    0.00
996  0.17910   33.30  -33.28  179.97    0.00
997  0.17928   33.45  -30.21  179.97    0.00
998  0.17946   33.58  -32.91  179.97    0.00
999  0.17964   33.61  -35.80  179.97    0.00
1000  0.17982   33.71  -34.53  179.97    0.00
