# Pomiary radaru CN0566 - rozszerzone metody
# Data: 2025-07-11 13:29:03
# Częstotliwość: 10.394 GHz
# Rozmiar kroku: 0.2 mm
# Estymowane współrzędne celu: (0.030, -0.000) m
# Kąt z estymacji współrzędnych: -179.96°
# Kąt z Synthetic Aperture: -0.00°
# Kolumny: Pomiar, Pozycja[m], Kąt_Podstawowy, Kąt_MLE, Kąt_Estym_Współrz, Kąt_SA
  1  0.00000   58.71  -61.64   -0.08   -0.00
  2  0.00017   58.35  -61.03   -0.08   -0.00
  3  0.00034   57.90  -54.88   -0.08   -0.00
  4  0.00051   57.57  -56.29   -0.08   -0.00
  5  0.00068   57.39  -61.48   -0.08   -0.00
  6  0.00085   57.55  -62.33   -0.08   -0.00
  7  0.00102   57.28  -59.92   -0.08   -0.00
  8  0.00119   57.22  -56.02   -0.08   -0.00
  9  0.00136   56.99  -59.58   -0.08   -0.00
 10  0.00153   56.98  -57.85   -0.08   -0.00
 11  0.00170   56.74  -56.86   -0.08   -0.00
 12  0.00187   56.62  -42.47   -0.08   -0.00
 13  0.00204   56.37  -58.64   -0.08   -0.00
 14  0.00221   56.34  -52.87   -0.08   -0.00
 15  0.00238   56.05  -57.47   -0.08   -0.00
 16  0.00255   55.98  -53.84   -0.08   -0.00
 17  0.00272   55.90  -59.05   -0.09   -0.00
 18  0.00289   55.92  -56.19   -0.09   -0.00
 19  0.00306   55.71  -51.74   -0.09   -0.00
 20  0.00323   55.58  -58.83   -0.09   -0.00
 21  0.00340   55.28  -55.21   -0.09   -0.00
 22  0.00357   55.19  -58.65   -0.09   -0.00
 23  0.00374   54.97  -56.96   -0.09   -0.00
 24  0.00391   54.87  -58.06   -0.09   -0.00
 25  0.00408   55.33  -58.22   -0.09   -0.00
 26  0.00425   54.64  -55.91   -0.09   -0.00
 27  0.00442   54.66  -52.33   -0.09   -0.00
 28  0.00459   54.48  -50.75   -0.09   -0.00
 29  0.00476   54.21  -51.42   -0.09   -0.00
 30  0.00493   54.16  -57.03   -0.09   -0.00
 31  0.00510   54.35  -57.48   -0.09   -0.00
 32  0.00527   53.95  -51.03   -0.09   -0.00
 33  0.00544   53.97  -57.12   -0.09   -0.00
 34  0.00561   54.00  -51.98   -0.10   -0.00
 35  0.00578   53.72  -56.57   -0.10   -0.00
 36  0.00595   53.52  -54.90   -0.10   -0.00
 37  0.00612   53.29  -54.28   -0.10   -0.00
 38  0.00629   53.40  -56.12   -0.10   -0.00
 39  0.00646   53.30  -55.93   -0.10   -0.00
 40  0.00663   52.89  -51.40   -0.10   -0.00
 41  0.00680   52.59  -50.29   -0.10   -0.00
 42  0.00697   52.99  -55.96   -0.10   -0.00
 43  0.00714   52.57  -52.80   -0.10   -0.00
 44  0.00731   52.54  -50.11   -0.10   -0.00
 45  0.00748   52.62  -54.27   -0.10   -0.00
 46  0.00765   51.95  -55.28   -0.10   -0.00
 47  0.00782   52.11  -49.87   -0.10   -0.00
 48  0.00799   52.21  -52.13   -0.11   -0.00
 49  0.00816   52.31  -50.18   -0.11   -0.00
 50  0.00833   51.86  -53.86   -0.11   -0.00
 51  0.00850   51.81  -54.00   -0.11   -0.00
 52  0.00867   51.63  -49.07   -0.11   -0.00
 53  0.00884   51.45  -54.48   -0.11   -0.00
 54  0.00901   51.25  -48.72   -0.11   -0.00
 55  0.00918   51.31  -49.87   -0.11   -0.00
 56  0.00935   51.11  -48.10   -0.11   -0.00
 57  0.00952   50.87  -47.89   -0.11   -0.00
 58  0.00969   50.86  -51.46   -0.11   -0.00
 59  0.00986   50.45  -52.91   -0.12   -0.00
 60  0.01003   50.43  -53.47   -0.12   -0.00
 61  0.01020   50.38  -48.20   -0.12   -0.00
 62  0.01037   50.33  -48.90   -0.12   -0.00
 63  0.01054   50.19  -47.32   -0.12   -0.00
 64  0.01071   49.89  -52.65   -0.12   -0.00
 65  0.01088   50.00  -53.01   -0.12   -0.00
 66  0.01105   49.54  -47.65   -0.12   -0.00
 67  0.01122   49.35  -53.08   -0.12   -0.00
 68  0.01139   49.59  -48.89   -0.12   -0.00
 69  0.01156   49.26  -50.72   -0.13   -0.00
 70  0.01173   49.49  -47.63   -0.13   -0.00
 71  0.01190   49.15  -51.81   -0.13   -0.00
 72  0.01207   48.98  -47.17   -0.13   -0.00
 73  0.01224   49.07  -50.04   -0.13   -0.00
 74  0.01241   48.79  -48.99   -0.13   -0.00
 75  0.01258   48.42  -43.70   -0.13   -0.00
 76  0.01275   48.51  -44.95   -0.13   -0.00
 77  0.01292   48.44  -45.95   -0.14   -0.00
 78  0.01309   48.09  -46.49   -0.14   -0.00
 79  0.01326   48.28  -45.75   -0.14   -0.00
 80  0.01343   47.86  -45.44   -0.14   -0.00
 81  0.01360   48.12  -45.92   -0.14   -0.00
 82  0.01377   48.07  -50.31   -0.14   -0.00
 83  0.01394   47.79  -45.63   -0.14   -0.00
 84  0.01411   47.84  -50.53   -0.15   -0.00
 85  0.01428   47.30  -45.09   -0.15   -0.00
 86  0.01445   47.60  -48.33   -0.15   -0.00
 87  0.01462   46.73  -44.16   -0.15   -0.00
 88  0.01479   46.93  -45.00   -0.15   -0.00
 89  0.01496   46.77  -50.14   -0.15   -0.00
 90  0.01513   46.48  -48.98   -0.16   -0.00
 91  0.01530   46.58  -43.84   -0.16   -0.00
 92  0.01547   46.31  -47.80   -0.16   -0.00
 93  0.01564   46.18  -44.96   -0.16   -0.00
 94  0.01581   45.96  -45.32   -0.16   -0.00
 95  0.01598   46.08  -48.65   -0.17   -0.00
 96  0.01615   45.82  -43.55   -0.17   -0.00
 97  0.01632   46.03  -43.08   -0.17   -0.00
 98  0.01649   45.76  -43.67   -0.17   -0.00
 99  0.01666   45.94  -44.45   -0.17   -0.00
100  0.01683   45.80  -47.19   -0.18   -0.00
101  0.01700   45.52  -43.30   -0.18   -0.00
102  0.01717   45.60  -47.31   -0.18   -0.00
103  0.01734   45.19  -47.10   -0.18   -0.00
104  0.01751   45.18  -47.82   -0.19   -0.00
105  0.01768   45.00  -48.03   -0.19   -0.00
106  0.01785   45.13  -45.33   -0.19   -0.00
107  0.01802   45.09  -46.01   -0.19   -0.00
108  0.01819   44.73  -46.71   -0.20   -0.00
109  0.01836   44.50  -42.35   -0.20   -0.00
110  0.01853   44.63  -43.92   -0.20   -0.00
111  0.01870   44.47  -42.66   -0.21   -0.00
112  0.01887   44.56  -43.78   -0.21   -0.00
113  0.01904   44.35  -41.64   -0.21   -0.00
114  0.01921   43.95  -41.53   -0.22   -0.00
115  0.01938   44.07  -42.16   -0.22   -0.00
116  0.01955   44.08  -43.11   -0.22   -0.00
117  0.01972   43.86  -43.33   -0.23   -0.00
118  0.01989   43.76  -43.47   -0.23   -0.00
119  0.02006   43.80  -46.04   -0.23   -0.00
120  0.02023   43.62  -41.26   -0.24   -0.00
121  0.02040   43.20  -46.50   -0.24   -0.00
122  0.02057   43.02  -42.31   -0.25   -0.00
123  0.02074   42.94  -44.65   -0.25   -0.00
124  0.02091   42.82  -45.82   -0.26   -0.00
125  0.02108   42.69  -40.26   -0.26   -0.00
126  0.02125   42.71  -42.13   -0.27   -0.00
127  0.02142   42.53  -40.95   -0.27   -0.00
128  0.02159   42.73  -44.11   -0.28   -0.00
129  0.02176   42.33  -40.34   -0.28   -0.00
130  0.02193   42.15  -40.37   -0.29   -0.00
131  0.02210   42.00  -41.56   -0.29   -0.00
132  0.02227   42.08  -39.79   -0.30   -0.00
133  0.02244   42.25  -43.22   -0.31   -0.00
134  0.02261   41.77  -42.53   -0.31   -0.00
135  0.02278   41.83  -43.01   -0.32   -0.00
136  0.02295   42.04  -40.06   -0.33   -0.00
137  0.02312   41.85  -41.93   -0.34   -0.00
138  0.02329   41.64  -42.70   -0.35   -0.00
139  0.02346   41.54  -43.26   -0.36   -0.00
140  0.02363   41.31  -42.75   -0.36   -0.00
141  0.02380   41.01  -42.88   -0.37   -0.00
142  0.02397   41.10  -38.62   -0.39   -0.00
143  0.02414   40.82  -42.26   -0.40   -0.00
144  0.02431   40.80  -43.19   -0.41   -0.00
145  0.02448   40.69  -42.70   -0.42   -0.00
146  0.02465   40.57  -43.19   -0.43   -0.00
147  0.02482   40.79  -42.19   -0.45   -0.00
148  0.02499   40.52  -39.90   -0.46   -0.00
149  0.02516   40.43  -40.24   -0.48   -0.00
150  0.02533   40.21  -39.55   -0.50   -0.00
151  0.02550   40.09  -41.43   -0.52   -0.00
152  0.02567   40.24  -38.95   -0.54   -0.00
153  0.02584   40.15  -42.67   -0.56   -0.00
154  0.02601   39.82  -39.25   -0.58   -0.00
155  0.02618   39.85  -38.33   -0.61   -0.00
156  0.02635   39.80  -38.21   -0.64   -0.00
157  0.02652   39.68  -39.80   -0.67   -0.00
158  0.02669   39.30  -37.74   -0.70   -0.00
159  0.02686   39.36  -37.97   -0.74   -0.00
160  0.02703   39.27  -38.14   -0.78   -0.00
161  0.02720   39.25  -39.86   -0.83   -0.00
162  0.02737   39.23  -37.63   -0.88   -0.00
163  0.02754   39.15  -35.56   -0.95   -0.00
164  0.02771   38.98  -41.20   -1.02   -0.00
165  0.02788   39.00  -41.52   -1.10   -0.00
166  0.02805   38.94  -41.10   -1.19   -0.00
167  0.02822   38.71  -39.69   -1.31   -0.00
168  0.02839   38.66  -37.16   -1.44   -0.00
169  0.02856   38.56  -36.57   -1.62   -0.00
170  0.02873   38.44  -36.23   -1.83   -0.00
171  0.02890   38.44  -34.97   -2.11   -0.00
172  0.02907   38.20  -37.80   -2.50   -0.00
173  0.02924   38.14  -38.80   -3.06   -0.00
174  0.02941   38.09  -37.95   -3.94   -0.00
175  0.02958   37.84  -37.46   -5.54   -0.00
176  0.02975   37.95  -34.23   -9.28   -0.00
177  0.02992   37.91  -39.10  -27.38   -0.00
178  0.03009   37.71  -37.89 -156.14   -0.00
179  0.03026   37.61  -36.32 -171.19   -0.00
180  0.03043   37.38  -37.88 -174.63   -0.00
181  0.03060   37.40  -36.32 -176.14   -0.00
182  0.03077   37.32  -38.01 -176.99   -0.00
183  0.03094   37.46  -36.12 -177.53   -0.00
184  0.03111   37.26  -36.14 -177.91   -0.00
185  0.03128   37.21  -38.03 -178.19   -0.00
186  0.03145   37.02  -38.73 -178.40   -0.00
187  0.03162   36.75  -43.82 -178.57   -0.00
188  0.03179   36.77  -38.23 -178.70   -0.00
189  0.03196   36.54  -37.74 -178.82   -0.00
190  0.03213   36.55  -35.55 -178.91   -0.00
191  0.03230   36.50  -37.56 -178.99   -0.00
192  0.03247   36.48  -32.37 -179.06   -0.00
193  0.03264   36.34  -35.05 -179.12   -0.00
194  0.03281   36.27  -36.06 -179.17   -0.00
195  0.03298   36.04  -34.14 -179.22   -0.00
196  0.03315   36.11  -34.27 -179.26   -0.00
197  0.03332   36.01  -36.25 -179.30   -0.00
198  0.03349   35.86  -35.63 -179.33   -0.00
199  0.03366   35.86  -37.12 -179.37   -0.00
200  0.03383   35.69  -36.57 -179.39   -0.00
201  0.03400   35.70  -33.68 -179.42   -0.00
202  0.03417   35.47  -36.40 -179.44   -0.00
203  0.03434   35.47  -35.95 -179.46   -0.00
204  0.03451   35.28  -32.62 -179.48   -0.00
205  0.03468   35.44  -37.12 -179.50   -0.00
206  0.03485   35.09  -36.19 -179.52   -0.00
207  0.03502   34.98  -34.21 -179.54   -0.00
208  0.03519   34.97  -33.47 -179.55   -0.00
209  0.03536   34.74  -34.81 -179.57   -0.00
210  0.03553   34.66  -33.91 -179.58   -0.00
211  0.03570   34.71  -33.62 -179.59   -0.00
212  0.03587   34.42  -34.05 -179.60   -0.00
213  0.03604   34.24  -32.91 -179.62   -0.00
214  0.03621   34.39  -32.30 -179.63   -0.00
215  0.03638   34.22  -35.52 -179.64   -0.00
216  0.03655   34.14  -33.50 -179.65   -0.00
217  0.03672   33.94  -34.55 -179.65   -0.00
218  0.03689   33.84  -35.62 -179.66   -0.00
219  0.03706   33.70  -32.30 -179.67   -0.00
220  0.03723   33.65  -32.74 -179.68   -0.00
221  0.03740   33.44  -34.36 -179.69   -0.00
222  0.03757   33.55  -34.63 -179.69   -0.00
223  0.03774   33.42  -33.66 -179.70   -0.00
224  0.03791   33.24  -31.84 -179.71   -0.00
225  0.03808   33.22  -31.98 -179.71   -0.00
226  0.03825   33.14  -31.77 -179.72   -0.00
227  0.03842   33.02  -34.58 -179.72   -0.00
228  0.03859   32.95  -40.69 -179.73   -0.00
229  0.03876   32.90  -35.62 -179.73   -0.00
230  0.03893   32.66  -30.64 -179.74   -0.00
231  0.03910   32.62  -32.44 -179.74   -0.00
232  0.03927   32.55  -34.19 -179.75   -0.00
233  0.03944   32.44  -30.46 -179.75   -0.00
234  0.03961   32.37  -32.37 -179.76   -0.00
235  0.03978   32.15  -34.13 -179.76   -0.00
236  0.03995   32.13  -30.13 -179.77   -0.00
237  0.04012   32.05  -31.39 -179.77   -0.00
238  0.04029   31.97  -30.50 -179.77   -0.00
239  0.04046   31.89  -27.17 -179.78   -0.00
240  0.04063   31.84  -31.51 -179.78   -0.00
241  0.04080   31.65  -31.45 -179.78   -0.00
242  0.04097   31.56  -30.01 -179.79   -0.00
243  0.04114   31.47  -31.56 -179.79   -0.00
244  0.04131   31.18  -32.99 -179.79   -0.00
245  0.04148   31.05  -33.61 -179.80   -0.00
246  0.04165   31.02  -33.70 -179.80   -0.00
247  0.04182   30.88  -32.44 -179.80   -0.00
248  0.04199   30.97  -33.11 -179.81   -0.00
249  0.04216   30.56  -31.27 -179.81   -0.00
250  0.04233   30.56  -31.78 -179.81   -0.00
251  0.04250   30.49  -32.50 -179.81   -0.00
252  0.04267   30.45  -28.85 -179.82   -0.00
253  0.04284   30.40  -31.82 -179.82   -0.00
254  0.04301   30.16  -32.45 -179.82   -0.00
255  0.04318   30.16  -29.66 -179.82   -0.00
256  0.04335   30.07  -29.78 -179.83   -0.00
257  0.04352   29.94  -31.31 -179.83   -0.00
258  0.04369   29.90  -29.01 -179.83   -0.00
259  0.04386   29.71  -31.08 -179.83   -0.00
260  0.04403   29.65  -28.42 -179.83   -0.00
261  0.04420   29.55  -31.03 -179.84   -0.00
262  0.04437   29.45  -29.72 -179.84   -0.00
263  0.04454   29.29  -29.77 -179.84   -0.00
264  0.04471   29.19  -30.36 -179.84   -0.00
265  0.04488   29.21  -29.38 -179.84   -0.00
266  0.04505   29.14  -28.15 -179.85   -0.00
267  0.04522   28.90  -30.32 -179.85   -0.00
268  0.04539   29.00  -27.65 -179.85   -0.00
269  0.04556   28.95  -27.12 -179.85   -0.00
270  0.04573   28.63  -27.68 -179.85   -0.00
271  0.04590   28.66  -30.82 -179.85   -0.00
272  0.04607   28.50  -24.98 -179.86   -0.00
273  0.04624   28.39  -28.96 -179.86   -0.00
274  0.04641   28.32  -28.33 -179.86   -0.00
275  0.04658   28.23  -29.34 -179.86   -0.00
276  0.04675   28.19  -26.95 -179.86   -0.00
277  0.04692   28.13  -27.91 -179.86   -0.00
278  0.04709   28.04  -27.88 -179.86   -0.00
279  0.04726   27.92  -28.84 -179.87   -0.00
280  0.04743   27.72  -28.62 -179.87   -0.00
281  0.04760   27.63  -28.72 -179.87   -0.00
282  0.04777   27.50  -26.16 -179.87   -0.00
283  0.04794   27.47  -26.85 -179.87   -0.00
284  0.04811   27.34  -26.03 -179.87   -0.00
285  0.04828   27.27  -28.81 -179.87   -0.00
286  0.04845   27.17  -27.69 -179.87   -0.00
287  0.04862   27.10  -26.96 -179.88   -0.00
288  0.04879   27.10  -28.27 -179.88   -0.00
289  0.04896   26.93  -27.02 -179.88   -0.00
290  0.04913   26.94  -28.34 -179.88   -0.00
291  0.04930   26.68  -28.44 -179.88   -0.00
292  0.04947   26.52  -25.90 -179.88   -0.00
293  0.04964   26.51  -24.12 -179.88   -0.00
294  0.04981   26.19  -25.73 -179.88   -0.00
295  0.04998   26.18  -27.58 -179.88   -0.00
296  0.05015   26.02  -26.83 -179.88   -0.00
297  0.05032   26.00  -25.93 -179.89   -0.00
298  0.05049   25.95  -25.87 -179.89   -0.00
299  0.05066   25.85  -24.93 -179.89   -0.00
300  0.05083   25.63  -24.59 -179.89   -0.00
301  0.05100   25.57  -25.72 -179.89   -0.00
302  0.05117   25.47  -25.73 -179.89   -0.00
303  0.05134   25.35  -26.67 -179.89   -0.00
304  0.05151   26.69  -26.46 -179.89   -0.00
305  0.05168   26.62  -26.57 -179.89   -0.00
306  0.05185   26.58  -26.58 -179.89   -0.00
307  0.05202   26.50  -26.16 -179.89   -0.00
308  0.05219   26.34  -26.34 -179.90   -0.00
309  0.05236   26.22  -26.00 -179.90   -0.00
310  0.05253   26.13  -25.85 -179.90   -0.00
311  0.05270   25.98  -25.89 -179.90   -0.00
312  0.05287   25.85  -25.90 -179.90   -0.00
313  0.05304   25.93  -26.26 -179.90   -0.00
314  0.05321   25.85  -25.91 -179.90   -0.00
315  0.05338   25.93  -25.93 -179.90   -0.00
316  0.05355   25.75  -25.18 -179.90   -0.00
317  0.05372   25.67  -25.57 -179.90   -0.00
318  0.05389   25.62  -25.52 -179.90   -0.00
319  0.05406   25.49  -25.42 -179.90   -0.00
320  0.05423   25.43  -25.63 -179.90   -0.00
321  0.05440   25.44  -25.19 -179.90   -0.00
322  0.05457   25.34  -25.31 -179.91   -0.00
323  0.05474   25.26  -25.27 -179.91   -0.00
324  0.05491   25.13  -24.83 -179.91   -0.00
325  0.05508   25.03  -24.67 -179.91   -0.00
326  0.05525   24.93  -24.93 -179.91   -0.00
327  0.05542   24.86  -24.70 -179.91   -0.00
328  0.05559   24.74  -25.39 -179.91   -0.00
329  0.05576   24.73  -24.47 -179.91   -0.00
330  0.05593   24.70  -24.79 -179.91   -0.00
331  0.05610   24.54  -24.38 -179.91   -0.00
332  0.05627   24.41  -24.50 -179.91   -0.00
333  0.05644   24.11  -24.16 -179.91   -0.00
334  0.05661   24.05  -23.97 -179.91   -0.00
335  0.05678   24.09  -24.09 -179.91   -0.00
336  0.05695   23.99  -24.16 -179.91   -0.00
337  0.05712   23.93  -23.69 -179.91   -0.00
338  0.05729   23.85  -23.63 -179.91   -0.00
339  0.05746   23.77  -25.75 -179.92   -0.00
340  0.05763   23.66  -23.73 -179.92   -0.00
341  0.05780   23.62  -23.25 -179.92   -0.00
342  0.05797   23.53  -23.14 -179.92   -0.00
343  0.05814   23.54  -22.89 -179.92   -0.00
344  0.05831   23.39  -23.74 -179.92   -0.00
345  0.05848   23.22  -23.13 -179.92   -0.00
346  0.05865   23.19  -21.10 -179.92   -0.00
347  0.05882   23.01  -22.57 -179.92   -0.00
348  0.05899   23.01  -23.38 -179.92   -0.00
349  0.05916   22.78  -22.25 -179.92   -0.00
350  0.05933   22.78  -22.94 -179.92   -0.00
351  0.05950   22.59  -22.83 -179.92   -0.00
352  0.05967   22.46  -21.15 -179.92   -0.00
353  0.05984   22.39  -22.07 -179.92   -0.00
354  0.06001   22.34  -22.29 -179.92   -0.00
355  0.06018   22.27  -22.23 -179.92   -0.00
356  0.06035   22.17  -22.37 -179.92   -0.00
357  0.06052   22.08  -22.95 -179.92   -0.00
358  0.06069   22.03  -23.99 -179.92   -0.00
359  0.06086   21.97  -21.73 -179.92   -0.00
360  0.06103   21.87  -21.38 -179.93   -0.00
361  0.06120   21.81  -20.70 -179.93   -0.00
362  0.06137   21.75  -23.82 -179.93   -0.00
363  0.06154   21.69  -22.29 -179.93   -0.00
364  0.06171   21.62  -21.91 -179.93   -0.00
365  0.06188   21.53  -20.30 -179.93   -0.00
366  0.06205   21.45  -21.20 -179.93   -0.00
367  0.06222   21.38  -21.63 -179.93   -0.00
368  0.06239   21.38  -21.42 -179.93   -0.00
369  0.06256   21.30  -20.86 -179.93   -0.00
370  0.06273   21.27  -21.30 -179.93   -0.00
371  0.06290   21.20  -21.20 -179.93   -0.00
372  0.06307   21.03  -20.58 -179.93   -0.00
373  0.06324   20.91  -21.02 -179.93   -0.00
374  0.06341   20.82  -21.17 -179.93   -0.00
375  0.06358   20.78  -21.04 -179.93   -0.00
376  0.06375   20.69  -21.61 -179.93   -0.00
377  0.06392   20.59  -20.56 -179.93   -0.00
378  0.06409   20.51  -20.36 -179.93   -0.00
379  0.06426   20.45  -20.44 -179.93   -0.00
380  0.06443   20.39  -20.39 -179.93   -0.00
381  0.06460   20.30  -20.48 -179.93   -0.00
382  0.06477   20.23  -20.01 -179.93   -0.00
383  0.06494   20.15  -20.31 -179.93   -0.00
384  0.06511   20.04  -19.97 -179.93   -0.00
385  0.06528   19.96  -20.14 -179.93   -0.00
386  0.06545   19.88  -20.26 -179.93   -0.00
387  0.06562   19.81  -19.59 -179.93   -0.00
388  0.06579   19.59  -19.41 -179.94   -0.00
389  0.06596   19.59  -20.09 -179.94   -0.00
390  0.06613   19.48  -20.06 -179.94   -0.00
391  0.06630   19.37  -18.60 -179.94   -0.00
392  0.06647   19.28  -19.40 -179.94   -0.00
393  0.06664   19.25  -19.13 -179.94   -0.00
394  0.06681   19.21  -19.61 -179.94   -0.00
395  0.06698   19.14  -19.36 -179.94   -0.00
396  0.06715   19.08  -19.13 -179.94   -0.00
397  0.06732   18.97  -19.66 -179.94   -0.00
398  0.06749   18.94  -19.02 -179.94   -0.00
399  0.06766   18.88  -18.86 -179.94   -0.00
400  0.06783   18.80  -19.72 -179.94   -0.00
401  0.06800   18.73  -19.10 -179.94   -0.00
402  0.06817   18.67  -18.88 -179.94   -0.00
403  0.06834   18.63  -19.17 -179.94   -0.00
404  0.06851   18.56  -18.45 -179.94   -0.00
405  0.06868   18.42  -17.14 -179.94   -0.00
406  0.06885   18.25  -18.41 -179.94   -0.00
407  0.06902   18.30  -18.43 -179.94   -0.00
408  0.06919   18.03  -17.88 -179.94   -0.00
409  0.06936   18.07  -18.35 -179.94   -0.00
410  0.06953   18.06  -17.53 -179.94   -0.00
411  0.06970   18.01  -18.47 -179.94   -0.00
412  0.06987   17.99  -16.68 -179.94   -0.00
413  0.07004   17.62  -18.34 -179.94   -0.00
414  0.07021   17.60  -17.78 -179.94   -0.00
415  0.07038   17.59  -17.94 -179.94   -0.00
416  0.07055   17.51  -17.41 -179.94   -0.00
417  0.07072   17.44  -17.32 -179.94   -0.00
418  0.07089   17.36  -17.50 -179.94   -0.00
419  0.07106   17.24  -16.65 -179.94   -0.00
420  0.07123   17.18  -16.45 -179.94   -0.00
421  0.07140   17.16  -17.21 -179.94   -0.00
422  0.07157   17.09  -17.12 -179.94   -0.00
423  0.07174   16.97  -17.10 -179.94   -0.00
424  0.07191   16.90  -16.87 -179.94   -0.00
425  0.07208   16.80  -17.14 -179.94   -0.00
426  0.07225   16.77  -16.66 -179.95   -0.00
427  0.07242   16.65  -16.45 -179.95   -0.00
428  0.07259   16.57  -16.07 -179.95   -0.00
429  0.07276   16.48  -16.18 -179.95   -0.00
430  0.07293   16.40  -15.86 -179.95   -0.00
431  0.07310   16.33  -15.90 -179.95   -0.00
432  0.07327   16.25  -16.16 -179.95   -0.00
433  0.07344   16.16  -16.05 -179.95   -0.00
434  0.07361   16.14  -16.42 -179.95   -0.00
435  0.07378   15.86  -16.26 -179.95   -0.00
436  0.07395   16.06  -16.17 -179.95   -0.00
437  0.07412   16.08  -16.00 -179.95   -0.00
438  0.07429   16.02  -16.15 -179.95   -0.00
439  0.07446   15.92  -16.34 -179.95   -0.00
440  0.07463   15.82  -16.90 -179.95   -0.00
441  0.07480   15.72  -15.73 -179.95   -0.00
442  0.07497   15.63  -15.78 -179.95   -0.00
443  0.07514   15.57  -15.51 -179.95   -0.00
444  0.07531   15.51  -17.13 -179.95   -0.00
445  0.07548   15.47  -15.73 -179.95   -0.00
446  0.07565   15.39  -15.69 -179.95   -0.00
447  0.07582   15.33  -15.14 -179.95   -0.00
448  0.07599   15.23  -15.14 -179.95   -0.00
449  0.07616   15.13  -15.51 -179.95   -0.00
450  0.07633   15.04  -15.15 -179.95   -0.00
451  0.07650   14.96  -13.88 -179.95   -0.00
452  0.07667   14.88  -14.03 -179.95   -0.00
453  0.07684   14.82  -14.45 -179.95   -0.00
454  0.07701   14.68  -14.75 -179.95   -0.00
455  0.07718   14.61  -15.13 -179.95   -0.00
456  0.07735   14.49  -13.10 -179.95   -0.00
457  0.07752   14.41  -14.15 -179.95   -0.00
458  0.07769   14.33  -13.10 -179.95   -0.00
459  0.07786   14.24  -14.30 -179.95   -0.00
460  0.07803   14.13  -14.62 -179.95   -0.00
461  0.07820   14.03  -14.00 -179.95   -0.00
462  0.07837   13.92  -13.75 -179.95   -0.00
463  0.07854   13.83  -14.55 -179.95   -0.00
464  0.07871   13.74  -14.03 -179.95   -0.00
465  0.07888   13.64  -13.60 -179.95   -0.00
466  0.07905   13.55  -13.63 -179.95   -0.00
467  0.07922   13.23  -13.40 -179.95   -0.00
468  0.07939   13.13  -13.03 -179.95   -0.00
469  0.07956   13.10  -12.22 -179.95   -0.00
470  0.07973   13.06  -13.06 -179.95   -0.00
471  0.07990   12.91  -12.82 -179.95   -0.00
472  0.08007   12.80  -12.94 -179.95   -0.00
473  0.08024   12.72  -12.65 -179.95   -0.00
474  0.08041   12.64  -14.58 -179.95   -0.00
475  0.08058   12.65  -12.99 -179.95   -0.00
476  0.08075   12.38  -12.19 -179.95   -0.00
477  0.08092   12.33  -13.17 -179.95   -0.00
478  0.08109   12.24  -12.68 -179.95   -0.00
479  0.08126   12.26  -12.63 -179.95   -0.00
480  0.08143   12.14  -11.84 -179.95   -0.00
481  0.08160   12.11  -12.38 -179.95   -0.00
482  0.08177   11.94  -11.72 -179.96   -0.00
483  0.08194   11.85  -11.67 -179.96   -0.00
484  0.08211   11.77  -11.61 -179.96   -0.00
485  0.08228   11.65  -25.62 -179.96   -0.00
486  0.08245   11.53  -10.83 -179.96   -0.00
487  0.08262   11.44  -11.52 -179.96   -0.00
488  0.08279   11.34  -13.92 -179.96   -0.00
489  0.08296   11.30  -11.14 -179.96   -0.00
490  0.08313   11.20  -10.96 -179.96   -0.00
491  0.08330   11.12  -12.13 -179.96   -0.00
492  0.08347   11.04  -12.44 -179.96   -0.00
493  0.08364   10.96  -11.32 -179.96   -0.00
494  0.08381   10.87  -10.03 -179.96   -0.00
495  0.08398   10.80  -10.38 -179.96   -0.00
496  0.08415   10.70  -10.53 -179.96   -0.00
497  0.08432   10.60  -10.58 -179.96   -0.00
498  0.08449   10.62  -10.14 -179.96   -0.00
499  0.08466   10.32  -10.05 -179.96   -0.00
500  0.08483   10.29  -10.51 -179.96   -0.00
501  0.08500   10.20  -10.01 -179.96   -0.00
502  0.08517   10.13  -10.19 -179.96   -0.00
503  0.08534   10.03   -9.67 -179.96   -0.00
504  0.08551    9.94  -11.45 -179.96   -0.00
505  0.08568    9.85   -9.97 -179.96   -0.00
506  0.08585    9.76  -10.38 -179.96   -0.00
507  0.08602    9.67   -8.63 -179.96   -0.00
508  0.08619    9.61   -8.84 -179.96   -0.00
509  0.08636    9.50  -10.28 -179.96   -0.00
510  0.08653    9.39   -9.75 -179.96   -0.00
511  0.08670    9.34   -8.89 -179.96   -0.00
512  0.08687    9.23   -9.63 -179.96   -0.00
513  0.08704    9.15   -9.58 -179.96   -0.00
514  0.08721    9.08   -7.94 -179.96   -0.00
515  0.08738    9.00   -8.23 -179.96   -0.00
516  0.08755    8.91   -8.40 -179.96   -0.00
517  0.08772    8.83   -8.82 -179.96   -0.00
518  0.08789    8.71   -8.42 -179.96   -0.00
519  0.08806    8.63   -8.21 -179.96   -0.00
520  0.08823    8.57   -8.43 -179.96   -0.00
521  0.08840    8.62   -8.79 -179.96   -0.00
522  0.08857    8.49   -8.75 -179.96   -0.00
523  0.08874    8.48   -9.18 -179.96   -0.00
524  0.08891    8.38   -8.55 -179.96   -0.00
525  0.08908    8.24   -8.74 -179.96   -0.00
526  0.08925    8.13   -8.08 -179.96   -0.00
527  0.08942    8.09   -8.25 -179.96   -0.00
528  0.08959    8.00  -12.18 -179.96   -0.00
529  0.08976    7.94   -7.83 -179.96   -0.00
530  0.08993    7.87   -7.89 -179.96   -0.00
531  0.09010    7.82   -7.64 -179.96   -0.00
532  0.09027    7.73   -8.13 -179.96   -0.00
533  0.09044    7.69   -7.63 -179.96   -0.00
534  0.09061    7.67   -7.59 -179.96   -0.00
535  0.09078    7.57   -7.35 -179.96   -0.00
536  0.09095    7.51   -7.08 -179.96   -0.00
537  0.09112    7.37   -6.42 -179.96   -0.00
538  0.09129    7.26   -7.90 -179.96   -0.00
539  0.09146    7.27   -7.30 -179.96   -0.00
540  0.09163    7.17   -6.94 -179.96   -0.00
541  0.09180    7.09   -6.86 -179.96   -0.00
542  0.09197    7.07   -7.74 -179.96   -0.00
543  0.09214    7.02  -13.36 -179.96   -0.00
544  0.09231    6.95   -8.15 -179.96   -0.00
545  0.09248    6.85   -7.23 -179.96   -0.00
546  0.09265    6.79   -5.59 -179.96   -0.00
547  0.09282    6.72   -6.31 -179.96   -0.00
548  0.09299    6.65   -6.97 -179.96   -0.00
549  0.09316    6.60   -7.17 -179.96   -0.00
550  0.09333    6.52   -5.88 -179.96   -0.00
551  0.09350    6.40   -6.59 -179.96   -0.00
552  0.09367    6.33   -5.87 -179.96   -0.00
553  0.09384    6.31   -6.88 -179.96   -0.00
554  0.09401    6.21   -1.99 -179.96   -0.00
555  0.09418    6.27   -6.65 -179.96   -0.00
556  0.09435    6.10   -6.81 -179.96   -0.00
557  0.09452    6.02   -7.66 -179.96   -0.00
558  0.09469    5.88   -6.00 -179.96   -0.00
559  0.09486    5.78   -5.59 -179.96   -0.00
560  0.09503    5.64   -2.83 -179.96   -0.00
561  0.09520    5.56   -6.03 -179.96   -0.00
562  0.09537    5.51   -5.94 -179.96   -0.00
563  0.09554    5.41   -4.94 -179.96   -0.00
564  0.09571    5.43   -5.88 -179.96   -0.00
565  0.09588    5.29   -5.91 -179.96   -0.00
566  0.09605    5.27   -5.66 -179.96   -0.00
567  0.09622    5.18   -3.52 -179.96   -0.00
568  0.09639    5.14   -5.48 -179.97   -0.00
569  0.09656    5.04   -4.89 -179.97   -0.00
570  0.09673    5.00   -5.18 -179.97   -0.00
571  0.09690    4.95   -5.54 -179.97   -0.00
572  0.09707    4.80   -4.80 -179.97   -0.00
573  0.09724    4.75   -5.10 -179.97   -0.00
574  0.09741    4.75   -4.55 -179.97   -0.00
575  0.09758    4.64   -5.24 -179.97   -0.00
576  0.09775    4.56   -4.65 -179.97   -0.00
577  0.09792    4.45   -5.15 -179.97   -0.00
578  0.09809    4.34   -3.33 -179.97   -0.00
579  0.09826    4.33   -4.37 -179.97   -0.00
580  0.09843    4.27   -4.28 -179.97   -0.00
581  0.09860    4.15   -4.47 -179.97   -0.00
582  0.09877    4.10   -2.50 -179.97   -0.00
583  0.09894    4.03   -4.61 -179.97   -0.00
584  0.09911    3.97   -3.23 -179.97   -0.00
585  0.09928    3.92   -3.58 -179.97   -0.00
586  0.09945    3.82   -3.61 -179.97   -0.00
587  0.09962    3.76   -4.23 -179.97   -0.00
588  0.09979    3.68   -3.66 -179.97   -0.00
589  0.09996    3.58   -6.38 -179.97   -0.00
590  0.10013    3.48   -4.60 -179.97   -0.00
591  0.10030    3.46   -2.53 -179.97   -0.00
592  0.10047    3.38   -3.28 -179.97   -0.00
593  0.10064    3.36   -3.36 -179.97   -0.00
594  0.10081    3.31   -1.84 -179.97   -0.00
595  0.10098    3.23   -2.72 -179.97   -0.00
596  0.10115    3.16   -2.97 -179.97   -0.00
597  0.10132    3.04   -2.35 -179.97   -0.00
598  0.10149    2.93   -2.90 -179.97   -0.00
599  0.10166    2.91   -3.81 -179.97   -0.00
600  0.10183    2.76   -2.57 -179.97   -0.00
601  0.10200    2.76   -1.73 -179.97   -0.00
602  0.10217    2.71   -1.66 -179.97   -0.00
603  0.10234    2.60   -4.23 -179.97   -0.00
604  0.10251    2.54   -2.41 -179.97   -0.00
605  0.10268    2.44   -2.71 -179.97   -0.00
606  0.10285    2.41   -3.08 -179.97   -0.00
607  0.10302    2.42   -2.51 -179.97   -0.00
608  0.10319    2.39   -2.05 -179.97   -0.00
609  0.10336    2.27   -3.39 -179.97   -0.00
610  0.10353    2.15   -2.61 -179.97   -0.00
611  0.10370    2.06   -2.32 -179.97   -0.00
612  0.10387    2.09   -2.12 -179.97   -0.00
613  0.10404    2.01   -1.91 -179.97   -0.00
614  0.10421    1.88   -1.38 -179.97   -0.00
615  0.10438    1.90   -2.98 -179.97   -0.00
616  0.10455    1.73   -1.96 -179.97   -0.00
617  0.10472    1.70   -1.98 -179.97   -0.00
618  0.10489    1.61   -2.38 -179.97   -0.00
619  0.10506    1.58   -1.11 -179.97   -0.00
620  0.10523    1.48   -2.79 -179.97   -0.00
621  0.10540    1.41   -1.42 -179.97   -0.00
622  0.10557    1.30   -2.50 -179.97   -0.00
623  0.10574    1.25   -1.25 -179.97   -0.00
624  0.10591    1.18   -2.09 -179.97   -0.00
625  0.10608    1.08    0.52 -179.97   -0.00
626  0.10625    1.10    0.15 -179.97   -0.00
627  0.10642    0.90   -0.51 -179.97   -0.00
628  0.10659    0.76   -0.66 -179.97   -0.00
629  0.10676    0.66   -0.77 -179.97   -0.00
630  0.10693    0.76    1.89 -179.97   -0.00
631  0.10710    0.55    0.08 -179.97   -0.00
632  0.10727    0.45   -0.37 -179.97   -0.00
633  0.10744    0.45   -0.12 -179.97   -0.00
634  0.10761    0.25    0.30 -179.97   -0.00
635  0.10778    0.31    0.21 -179.97   -0.00
636  0.10795    0.16   -3.01 -179.97   -0.00
637  0.10812    0.12   -0.69 -179.97   -0.00
638  0.10829    0.05    1.07 -179.97   -0.00
639  0.10846   -0.02    1.06 -179.97   -0.00
640  0.10863   -0.10   -1.37 -179.97   -0.00
641  0.10880   -0.16    0.81 -179.97   -0.00
642  0.10897   -0.26   -0.08 -179.97   -0.00
643  0.10914   -0.31    0.30 -179.97   -0.00
644  0.10931   -0.38    1.03 -179.97   -0.00
645  0.10948   -0.44   -0.02 -179.97   -0.00
646  0.10965   -0.58    1.41 -179.97   -0.00
647  0.10982   -0.68    1.63 -179.97   -0.00
648  0.10999   -0.75   -0.56 -179.97   -0.00
649  0.11016   -0.80    1.57 -179.97   -0.00
650  0.11033   -0.96    1.31 -179.97   -0.00
651  0.11050   -1.00    1.44 -179.97   -0.00
652  0.11067   -1.14   -2.91 -179.97   -0.00
653  0.11084   -1.22   -0.42 -179.97   -0.00
654  0.11101   -1.28    1.23 -179.97   -0.00
655  0.11118   -1.39    1.35 -179.97   -0.00
656  0.11135   -1.42    1.59 -179.97   -0.00
657  0.11152   -1.47    2.06 -179.97   -0.00
658  0.11169   -1.58    0.21 -179.97   -0.00
659  0.11186   -1.66    1.73 -179.97   -0.00
660  0.11203   -1.76    1.79 -179.97   -0.00
661  0.11220   -1.84    1.67 -179.97   -0.00
662  0.11237   -1.89    2.51 -179.97   -0.00
663  0.11254   -1.96   -0.26 -179.97   -0.00
664  0.11271   -1.97    1.90 -179.97   -0.00
665  0.11288   -2.15    1.33 -179.97   -0.00
666  0.11305   -2.22    1.96 -179.97   -0.00
667  0.11322   -2.32    2.57 -179.97   -0.00
668  0.11339   -2.42    2.92 -179.97   -0.00
669  0.11356   -2.43    2.17 -179.97   -0.00
670  0.11373   -2.51    2.33 -179.97   -0.00
671  0.11390   -2.59    3.09 -179.97   -0.00
672  0.11407   -2.70    2.75 -179.97   -0.00
673  0.11424   -2.80    2.83 -179.97   -0.00
674  0.11441   -2.86    1.67 -179.97   -0.00
675  0.11458   -2.78    2.89 -179.97   -0.00
676  0.11475   -3.20    3.93 -179.97   -0.00
677  0.11492   -3.02    3.00 -179.97   -0.00
678  0.11509   -3.15    2.69 -179.97   -0.00
679  0.11526   -3.22    3.25 -179.97   -0.00
680  0.11543   -3.35    3.43 -179.97   -0.00
681  0.11560   -3.54    3.43 -179.97   -0.00
682  0.11577   -3.93    3.90 -179.97   -0.00
683  0.11594   -4.02    4.30 -179.97   -0.00
684  0.11611   -4.35    5.38 -179.97   -0.00
685  0.11628   -4.42    3.65 -179.97   -0.00
686  0.11645   -4.60    3.60 -179.97   -0.00
687  0.11662   -4.85    5.56 -179.97   -0.00
688  0.11679   -5.07    7.60 -179.97   -0.00
689  0.11696   -4.96    2.07 -179.97   -0.00
690  0.11713   -5.03    3.09 -179.97   -0.00
691  0.11730   -5.13    5.65 -179.97   -0.00
692  0.11747   -5.32    5.71 -179.97   -0.00
693  0.11764   -5.20    6.53 -179.97   -0.00
694  0.11781   -5.37    6.11 -179.97   -0.00
695  0.11798   -5.54    4.71 -179.97   -0.00
696  0.11815   -5.64    4.15 -179.97   -0.00
697  0.11832   -5.78    7.31 -179.97   -0.00
698  0.11849   -6.02    6.18 -179.97   -0.00
699  0.11866   -6.24    6.90 -179.97   -0.00
700  0.11883   -6.10    7.91 -179.97   -0.00
701  0.11900   -6.22    4.58 -179.97   -0.00
702  0.11917   -6.19    7.54 -179.97   -0.00
703  0.11934   -6.12    4.78 -179.97   -0.00
704  0.11951   -6.33    7.02 -179.97   -0.00
705  0.11968   -6.47    8.62 -179.97   -0.00
706  0.11985   -6.53    8.02 -179.97   -0.00
707  0.12002   -6.91    6.62 -179.97   -0.00
708  0.12019   -6.92    4.71 -179.97   -0.00
709  0.12036   -7.03    4.80 -179.97   -0.00
710  0.12053   -7.02    8.51 -179.97   -0.00
711  0.12070   -7.08    5.22 -179.97   -0.00
712  0.12087   -6.96    7.15 -179.97   -0.00
713  0.12104   -6.96    7.10 -179.97   -0.00
714  0.12121   -6.99    7.86 -179.97   -0.00
715  0.12138   -7.15    5.66 -179.97   -0.00
716  0.12155   -7.16    6.64 -179.97   -0.00
717  0.12172   -7.29    6.66 -179.97   -0.00
718  0.12189   -7.32    8.31 -179.97   -0.00
719  0.12206   -6.57    7.03 -179.97   -0.00
720  0.12223   -6.66    6.42 -179.97   -0.00
721  0.12240   -6.77    6.34 -179.97   -0.00
722  0.12257   -6.84    7.15 -179.97   -0.00
723  0.12274   -6.83    6.18 -179.97   -0.00
724  0.12291   -6.81    4.02 -179.97   -0.00
725  0.12308   -6.88    6.93 -179.98   -0.00
726  0.12325   -7.08    7.57 -179.98   -0.00
727  0.12342   -7.14    7.33 -179.98   -0.00
728  0.12359   -7.11    7.21 -179.98   -0.00
729  0.12376   -7.31    7.51 -179.98   -0.00
730  0.12393   -7.39    7.77 -179.98   -0.00
731  0.12410   -7.46    6.69 -179.98   -0.00
732  0.12427   -7.57    8.71 -179.98   -0.00
733  0.12444   -7.64    7.55 -179.98   -0.00
734  0.12461   -7.81    6.75 -179.98   -0.00
735  0.12478   -7.66    7.92 -179.98   -0.00
736  0.12495   -7.76    7.76 -179.98   -0.00
737  0.12512   -7.87    8.35 -179.98   -0.00
738  0.12529   -7.84    7.27 -179.98   -0.00
739  0.12546   -8.01    8.00 -179.98   -0.00
740  0.12563   -8.16    9.02 -179.98   -0.00
741  0.12580   -8.30    8.21 -179.98   -0.00
742  0.12597   -8.36    8.83 -179.98   -0.00
743  0.12614   -8.29    7.03 -179.98   -0.00
744  0.12631   -8.33    7.79 -179.98   -0.00
745  0.12648   -8.39    8.76 -179.98   -0.00
746  0.12665   -8.69    8.47 -179.98   -0.00
747  0.12682   -8.71    8.48 -179.98   -0.00
748  0.12699   -8.75   10.17 -179.98   -0.00
749  0.12716   -8.65    8.59 -179.98   -0.00
750  0.12733   -8.79    8.89 -179.98   -0.00
751  0.12750   -9.06    9.59 -179.98   -0.00
752  0.12767   -9.08    7.69 -179.98   -0.00
753  0.12784   -9.07    8.11 -179.98   -0.00
754  0.12801   -9.11    8.88 -179.98   -0.00
755  0.12818   -9.27    9.46 -179.98   -0.00
756  0.12835   -9.20    9.76 -179.98   -0.00
757  0.12852   -9.29    9.46 -179.98   -0.00
758  0.12869   -9.60    8.59 -179.98   -0.00
759  0.12886   -9.61    9.48 -179.98   -0.00
760  0.12903   -9.70    8.95 -179.98   -0.00
761  0.12920   -9.74    9.20 -179.98   -0.00
762  0.12937   -9.92   10.83 -179.98   -0.00
763  0.12954   -9.90   10.91 -179.98   -0.00
764  0.12971  -10.02    9.87 -179.98   -0.00
765  0.12988  -10.09   10.35 -179.98   -0.00
766  0.13005  -10.21   10.08 -179.98   -0.00
767  0.13022  -10.27    9.84 -179.98   -0.00
768  0.13039  -10.37   10.53 -179.98   -0.00
769  0.13056  -10.59   10.81 -179.98   -0.00
770  0.13073  -10.66   10.65 -179.98   -0.00
771  0.13090  -10.85   11.44 -179.98   -0.00
772  0.13107  -10.93   11.17 -179.98   -0.00
773  0.13124  -11.04   10.61 -179.98   -0.00
774  0.13141  -11.07   10.99 -179.98   -0.00
775  0.13158  -11.32   11.33 -179.98   -0.00
776  0.13175  -11.37   11.56 -179.98   -0.00
777  0.13192  -11.28    9.43 -179.98   -0.00
778  0.13209  -11.17   11.58 -179.98   -0.00
779  0.13226  -11.29   12.09 -179.98   -0.00
780  0.13243  -11.34   11.70 -179.98   -0.00
781  0.13260  -11.58   11.63 -179.98   -0.00
782  0.13277  -11.55   11.26 -179.98   -0.00
783  0.13294  -11.52   11.24 -179.98   -0.00
784  0.13311  -11.76   11.43 -179.98   -0.00
785  0.13328  -11.88    3.71 -179.98   -0.00
786  0.13345  -11.86   11.58 -179.98   -0.00
787  0.13362  -12.10   11.55 -179.98   -0.00
788  0.13379  -12.13   12.15 -179.98   -0.00
789  0.13396  -12.15   11.57 -179.98   -0.00
790  0.13413  -12.21   12.86 -179.98   -0.00
791  0.13430  -12.21   11.96 -179.98   -0.00
792  0.13447  -12.44   11.59 -179.98   -0.00
793  0.13464  -12.40   11.68 -179.98   -0.00
794  0.13481  -12.60   12.71 -179.98   -0.00
795  0.13498  -12.65   12.59 -179.98   -0.00
796  0.13515  -12.74   11.51 -179.98   -0.00
797  0.13532  -12.83   12.74 -179.98   -0.00
798  0.13549  -12.93   13.30 -179.98   -0.00
799  0.13566  -12.99   13.15 -179.98   -0.00
800  0.13583  -13.09   13.09 -179.98   -0.00
801  0.13600  -13.10   12.52 -179.98   -0.00
802  0.13617  -13.24   12.98 -179.98   -0.00
803  0.13634  -13.28   13.74 -179.98   -0.00
804  0.13651  -13.35   13.42 -179.98   -0.00
805  0.13668  -13.40   13.80 -179.98   -0.00
806  0.13685  -13.43   13.34 -179.98   -0.00
807  0.13702  -13.55   14.21 -179.98   -0.00
808  0.13719  -13.42   13.95 -179.98   -0.00
809  0.13736  -13.65   13.36 -179.98   -0.00
810  0.13753  -13.55   13.78 -179.98   -0.00
811  0.13770  -13.75   14.19 -179.98   -0.00
812  0.13787  -13.76   13.53 -179.98   -0.00
813  0.13804  -13.93   13.43 -179.98   -0.00
814  0.13821  -14.04   13.93 -179.98   -0.00
815  0.13838  -14.03   13.84 -179.98   -0.00
816  0.13855  -14.27   14.53 -179.98   -0.00
817  0.13872  -14.37   12.77 -179.98   -0.00
818  0.13889  -14.52   14.77 -179.98   -0.00
819  0.13906  -14.49   14.27 -179.98   -0.00
820  0.13923  -14.61   14.93 -179.98   -0.00
821  0.13940  -14.64   15.14 -179.98   -0.00
822  0.13957  -14.65   14.47 -179.98   -0.00
823  0.13974  -14.65   16.87 -179.98   -0.00
824  0.13991  -14.80   15.49 -179.98   -0.00
825  0.14008  -14.93   15.11 -179.98   -0.00
826  0.14025  -14.84   14.74 -179.98   -0.00
827  0.14042  -15.07   15.26 -179.98   -0.00
828  0.14059  -14.97   14.80 -179.98   -0.00
829  0.14076  -15.11   15.19 -179.98   -0.00
830  0.14093  -15.20   14.92 -179.98   -0.00
831  0.14110  -15.28   15.49 -179.98   -0.00
832  0.14127  -15.28   19.86 -179.98   -0.00
833  0.14144  -15.37   14.86 -179.98   -0.00
834  0.14161  -15.45   18.77 -179.98   -0.00
835  0.14178  -15.51   15.02 -179.98   -0.00
836  0.14195  -15.62   15.44 -179.98   -0.00
837  0.14212  -15.72   15.69 -179.98   -0.00
838  0.14229  -15.70   15.53 -179.98   -0.00
839  0.14246  -15.82   15.49 -179.98   -0.00
840  0.14263  -16.17   16.40 -179.98   -0.00
841  0.14280  -16.04   13.71 -179.98   -0.00
842  0.14297  -16.34   15.98 -179.98   -0.00
843  0.14314  -16.19   16.21 -179.98   -0.00
844  0.14331  -16.38   16.18 -179.98   -0.00
845  0.14348  -16.24   17.14 -179.98   -0.00
846  0.14365  -16.34   16.23 -179.98   -0.00
847  0.14382  -16.49   16.03 -179.98   -0.00
848  0.14399  -16.61   16.87 -179.98   -0.00
849  0.14416  -16.66   16.77 -179.98   -0.00
850  0.14433  -16.78   17.11 -179.98   -0.00
851  0.14450  -16.85   17.13 -179.98   -0.00
852  0.14467  -16.92   16.12 -179.98   -0.00
853  0.14484  -16.91   17.27 -179.98   -0.00
854  0.14501  -17.07   16.84 -179.98   -0.00
855  0.14518  -17.07   17.10 -179.98   -0.00
856  0.14535  -17.34   17.63 -179.98   -0.00
857  0.14552  -17.23   16.79 -179.98   -0.00
858  0.14569  -17.46   15.64 -179.98   -0.00
859  0.14586  -17.77   17.17 -179.98   -0.00
860  0.14603  -17.57   17.23 -179.98   -0.00
861  0.14620  -17.50   17.07 -179.98   -0.00
862  0.14637  -17.63   18.24 -179.98   -0.00
863  0.14654  -17.83   19.64 -179.98   -0.00
864  0.14671  -17.95   17.94 -179.98   -0.00
865  0.14688  -18.18   20.29 -179.98   -0.00
866  0.14705  -18.34   17.63 -179.98   -0.00
867  0.14722  -18.51   18.40 -179.98   -0.00
868  0.14739  -18.66   19.00 -179.98   -0.00
869  0.14756  -18.73   19.65 -179.98   -0.00
870  0.14773  -18.92   20.81 -179.98   -0.00
871  0.14790  -19.10   19.40 -179.98   -0.00
872  0.14807  -19.02   18.78 -179.98   -0.00
873  0.14824  -19.18   19.24 -179.98   -0.00
874  0.14841  -19.32   19.07 -179.98   -0.00
875  0.14858  -19.61   20.88 -179.98   -0.00
876  0.14875  -19.69   20.23 -179.98   -0.00
877  0.14892  -19.73   20.00 -179.98   -0.00
878  0.14909  -20.19   19.20 -179.98   -0.00
879  0.14926  -20.20   20.10 -179.98   -0.00
880  0.14943  -20.42   19.61 -179.98   -0.00
881  0.14960  -20.42   20.57 -179.98   -0.00
882  0.14977  -20.62   21.24 -179.98   -0.00
883  0.14994  -20.57   20.14 -179.98   -0.00
884  0.15011  -20.87   20.71 -179.98   -0.00
885  0.15028  -20.89   16.98 -179.98   -0.00
886  0.15045  -20.99   21.57 -179.98   -0.00
887  0.15062  -21.10   21.41 -179.98   -0.00
888  0.15079  -21.33   21.05 -179.98   -0.00
889  0.15096  -21.06   20.88 -179.98   -0.00
890  0.15113  -21.05   20.26 -179.98   -0.00
891  0.15130  -21.07   21.00 -179.98   -0.00
892  0.15147  -21.38   19.00 -179.98   -0.00
893  0.15164  -21.40   19.85 -179.98   -0.00
894  0.15181  -21.84   23.09 -179.98   -0.00
895  0.15198  -21.71   22.64 -179.98   -0.00
896  0.15215  -21.82   24.12 -179.98   -0.00
897  0.15232  -21.99   22.03 -179.98   -0.00
898  0.15249  -22.27   22.89 -179.98   -0.00
899  0.15266  -22.52   21.61 -179.98   -0.00
900  0.15283  -22.71   22.00 -179.98   -0.00
901  0.15300  -23.41   23.32 -179.98   -0.00
902  0.15317  -23.43   23.65 -179.98   -0.00
903  0.15334  -22.75   21.12 -179.98   -0.00
904  0.15351  -23.37   23.17 -179.98   -0.00
905  0.15368  -23.45   24.04 -179.98   -0.00
906  0.15385  -23.59   22.89 -179.98   -0.00
907  0.15402  -23.71   22.95 -179.98   -0.00
908  0.15419  -23.91   23.04 -179.98   -0.00
909  0.15436  -24.14   24.38 -179.98   -0.00
910  0.15453  -23.82   23.27 -179.98   -0.00
911  0.15470  -24.22   25.66 -179.98   -0.00
912  0.15487  -24.32   23.70 -179.98   -0.00
913  0.15504  -24.43   24.73 -179.98   -0.00
914  0.15521  -24.43   23.66 -179.98   -0.00
915  0.15538  -24.61   25.36 -179.98   -0.00
916  0.15555  -24.68   24.09 -179.98   -0.00
917  0.15572  -24.83   26.04 -179.98   -0.00
918  0.15589  -24.85   25.33 -179.98   -0.00
919  0.15606  -25.23   25.26 -179.98   -0.00
920  0.15623  -25.44   24.66 -179.98   -0.00
921  0.15640  -25.29   25.15 -179.98   -0.00
922  0.15657  -25.26   26.36 -179.98   -0.00
923  0.15674  -25.33   24.71 -179.98   -0.00
924  0.15691  -25.40   25.41 -179.98   -0.00
925  0.15708  -25.68   24.92 -179.98   -0.00
926  0.15725  -25.84   25.88 -179.98   -0.00
927  0.15742  -25.83   20.87 -179.98   -0.00
928  0.15759  -25.98   25.61 -179.98   -0.00
929  0.15776  -25.78   26.33 -179.98   -0.00
930  0.15793  -26.25   24.84 -179.98   -0.00
931  0.15810  -25.90   25.39 -179.98   -0.00
932  0.15827  -26.11   27.25 -179.98   -0.00
933  0.15844  -26.07   26.36 -179.98   -0.00
934  0.15861  -26.16   24.29 -179.98   -0.00
935  0.15878  -26.43   25.59 -179.98   -0.00
936  0.15895  -26.53   28.25 -179.98   -0.00
937  0.15912  -26.71   26.20 -179.98   -0.00
938  0.15929  -26.74   27.67 -179.98   -0.00
939  0.15946  -26.78   27.02 -179.98   -0.00
940  0.15963  -26.94   25.35 -179.98   -0.00
941  0.15980  -27.16   26.65 -179.98   -0.00
942  0.15997  -27.31   27.40 -179.98   -0.00
943  0.16014  -27.37   27.63 -179.98   -0.00
944  0.16031  -27.49   27.81 -179.98   -0.00
945  0.16048  -27.43   28.96 -179.98   -0.00
946  0.16065  -27.73   30.09 -179.98   -0.00
947  0.16082  -27.65   27.69 -179.98   -0.00
948  0.16099  -27.92   26.08 -179.98   -0.00
949  0.16116  -27.97   27.15 -179.98   -0.00
950  0.16133  -28.04   29.04 -179.98   -0.00
951  0.16150  -28.10   27.84 -179.98   -0.00
952  0.16167  -28.31   62.50 -179.98   -0.00
953  0.16184  -28.22   29.47 -179.98   -0.00
954  0.16201  -28.40   28.19 -179.98   -0.00
955  0.16218  -28.60   26.85 -179.98   -0.00
956  0.16235  -28.55   29.39 -179.98   -0.00
957  0.16252  -28.75   29.44 -179.98   -0.00
958  0.16269  -28.81   28.04 -179.98   -0.00
959  0.16286  -28.97   28.95 -179.98   -0.00
960  0.16303  -29.31   28.37 -179.98   -0.00
961  0.16320  -29.02   28.15 -179.98   -0.00
962  0.16337  -29.50   28.89 -179.98   -0.00
963  0.16354  -29.16   28.81 -179.98   -0.00
964  0.16371  -29.24   28.52 -179.98   -0.00
965  0.16388  -29.50   25.10 -179.98   -0.00
966  0.16405  -29.18   29.64 -179.98   -0.00
967  0.16422  -29.48   28.96 -179.98   -0.00
968  0.16439  -29.78   29.04 -179.98   -0.00
969  0.16456  -29.58   29.91 -179.98   -0.00
970  0.16473  -29.96   29.37 -179.98   -0.00
971  0.16490  -29.88   28.22 -179.98   -0.00
972  0.16507  -29.94   28.30 -179.98   -0.00
973  0.16524  -30.00   30.49 -179.98   -0.00
974  0.16541  -30.10   29.69 -179.98   -0.00
975  0.16558  -30.32   30.99 -179.98   -0.00
976  0.16575  -30.40   31.66 -179.98   -0.00
977  0.16592  -30.32   30.40 -179.98   -0.00
978  0.16609  -30.42   30.66 -179.98   -0.00
979  0.16626  -30.50   31.84 -179.98   -0.00
980  0.16643  -30.57   31.40 -179.98   -0.00
981  0.16660  -30.65   31.93 -179.98   -0.00
982  0.16677  -31.08   30.17 -179.98   -0.00
983  0.16694  -31.55   31.60 -179.98   -0.00
984  0.16711  -31.47   35.18 -179.98   -0.00
985  0.16728  -31.40   31.01 -179.98   -0.00
986  0.16745  -31.38   30.30 -179.98   -0.00
987  0.16762  -31.77   31.24 -179.98   -0.00
988  0.16779  -31.30   32.14 -179.98   -0.00
989  0.16796  -31.50   31.02 -179.98   -0.00
990  0.16813  -31.80   32.21 -179.98   -0.00
991  0.16830  -32.08   31.79 -179.98   -0.00
992  0.16847  -32.17   32.13 -179.98   -0.00
993  0.16864  -32.24   32.37 -179.98   -0.00
994  0.16881  -32.46   28.61 -179.98   -0.00
995  0.16898  -32.36   31.83 -179.98   -0.00
996  0.16915  -32.58   30.97 -179.98   -0.00
997  0.16932  -32.64   32.46 -179.98   -0.00
998  0.16949  -32.69   31.16 -179.98   -0.00
999  0.16966  -32.70   32.32 -179.98   -0.00
1000  0.16983  -32.73   33.41 -179.98   -0.00
