# Funkcja kosztu SAR MLE
# Kolumny: Kąt[°], Wartość_funkcji_kosztu
 -45.0 2.864093e+06
 -44.9 2.864041e+06
 -44.8 2.863991e+06
 -44.7 2.863941e+06
 -44.6 2.863892e+06
 -44.5 2.863845e+06
 -44.4 2.863798e+06
 -44.3 2.863752e+06
 -44.2 2.863707e+06
 -44.1 2.863663e+06
 -44.0 2.863620e+06
 -43.9 2.863578e+06
 -43.8 2.863537e+06
 -43.7 2.863497e+06
 -43.6 2.863458e+06
 -43.5 2.863420e+06
 -43.4 2.863383e+06
 -43.3 2.863347e+06
 -43.2 2.863312e+06
 -43.1 2.863278e+06
 -43.0 2.863245e+06
 -42.9 2.863213e+06
 -42.8 2.863182e+06
 -42.7 2.863152e+06
 -42.6 2.863123e+06
 -42.5 2.863095e+06
 -42.4 2.863069e+06
 -42.3 2.863043e+06
 -42.2 2.863018e+06
 -42.1 2.862995e+06
 -42.0 2.862972e+06
 -41.9 2.862951e+06
 -41.8 2.862931e+06
 -41.7 2.862912e+06
 -41.6 2.862893e+06
 -41.5 2.862877e+06
 -41.4 2.862861e+06
 -41.3 2.862846e+06
 -41.2 2.862832e+06
 -41.1 2.862820e+06
 -41.0 2.862809e+06
 -40.9 2.862798e+06
 -40.8 2.862789e+06
 -40.7 2.862781e+06
 -40.6 2.862775e+06
 -40.5 2.862769e+06
 -40.4 2.862764e+06
 -40.3 2.862761e+06
 -40.2 2.862759e+06
 -40.1 2.862758e+06
 -40.0 2.862758e+06
 -39.9 2.862760e+06
 -39.8 2.862762e+06
 -39.7 2.862766e+06
 -39.6 2.862771e+06
 -39.5 2.862777e+06
 -39.4 2.862785e+06
 -39.3 2.862793e+06
 -39.2 2.862803e+06
 -39.1 2.862814e+06
 -39.0 2.862827e+06
 -38.9 2.862840e+06
 -38.8 2.862855e+06
 -38.7 2.862871e+06
 -38.6 2.862888e+06
 -38.5 2.862907e+06
 -38.4 2.862926e+06
 -38.3 2.862947e+06
 -38.2 2.862970e+06
 -38.1 2.862993e+06
 -38.0 2.863018e+06
 -37.9 2.863044e+06
 -37.8 2.863071e+06
 -37.7 2.863100e+06
 -37.6 2.863130e+06
 -37.5 2.863161e+06
 -37.4 2.863194e+06
 -37.3 2.863227e+06
 -37.2 2.863263e+06
 -37.1 2.863299e+06
 -37.0 2.863337e+06
 -36.9 2.863376e+06
 -36.8 2.863416e+06
 -36.7 2.863458e+06
 -36.6 2.863501e+06
 -36.5 2.863545e+06
 -36.4 2.863591e+06
 -36.3 2.863638e+06
 -36.2 2.863686e+06
 -36.1 2.863735e+06
 -36.0 2.863786e+06
 -35.9 2.863839e+06
 -35.8 2.863892e+06
 -35.7 2.863947e+06
 -35.6 2.864004e+06
 -35.5 2.864062e+06
 -35.4 2.864121e+06
 -35.3 2.864181e+06
 -35.2 2.864243e+06
 -35.1 2.864306e+06
 -35.0 2.864371e+06
 -34.9 2.864437e+06
 -34.8 2.864504e+06
 -34.7 2.864573e+06
 -34.6 2.864643e+06
 -34.5 2.864714e+06
 -34.4 2.864787e+06
 -34.3 2.864861e+06
 -34.2 2.864937e+06
 -34.1 2.865014e+06
 -34.0 2.865092e+06
 -33.9 2.865172e+06
 -33.8 2.865253e+06
 -33.7 2.865336e+06
 -33.6 2.865420e+06
 -33.5 2.865506e+06
 -33.4 2.865592e+06
 -33.3 2.865681e+06
 -33.2 2.865770e+06
 -33.1 2.865862e+06
 -33.0 2.865954e+06
 -32.9 2.866048e+06
 -32.8 2.866143e+06
 -32.7 2.866240e+06
 -32.6 2.866338e+06
 -32.5 2.866438e+06
 -32.4 2.866539e+06
 -32.3 2.866642e+06
 -32.2 2.866746e+06
 -32.1 2.866851e+06
 -32.0 2.866958e+06
 -31.9 2.867066e+06
 -31.8 2.867176e+06
 -31.7 2.867287e+06
 -31.6 2.867400e+06
 -31.5 2.867514e+06
 -31.4 2.867629e+06
 -31.3 2.867746e+06
 -31.2 2.867864e+06
 -31.1 2.867984e+06
 -31.0 2.868105e+06
 -30.9 2.868228e+06
 -30.8 2.868352e+06
 -30.7 2.868477e+06
 -30.6 2.868604e+06
 -30.5 2.868733e+06
 -30.4 2.868863e+06
 -30.3 2.868994e+06
 -30.2 2.869127e+06
 -30.1 2.869261e+06
 -30.0 2.869397e+06
 -29.9 2.869534e+06
 -29.8 2.869673e+06
 -29.7 2.869813e+06
 -29.6 2.869954e+06
 -29.5 2.870097e+06
 -29.4 2.870241e+06
 -29.3 2.870387e+06
 -29.2 2.870535e+06
 -29.1 2.870683e+06
 -29.0 2.870833e+06
 -28.9 2.870985e+06
 -28.8 2.871138e+06
 -28.7 2.871293e+06
 -28.6 2.871449e+06
 -28.5 2.871606e+06
 -28.4 2.871765e+06
 -28.3 2.871925e+06
 -28.2 2.872087e+06
 -28.1 2.872250e+06
 -28.0 2.872415e+06
 -27.9 2.872581e+06
 -27.8 2.872748e+06
 -27.7 2.872917e+06
 -27.6 2.873087e+06
 -27.5 2.873259e+06
 -27.4 2.873432e+06
 -27.3 2.873607e+06
 -27.2 2.873783e+06
 -27.1 2.873960e+06
 -27.0 2.874139e+06
 -26.9 2.874320e+06
 -26.8 2.874502e+06
 -26.7 2.874685e+06
 -26.6 2.874869e+06
 -26.5 2.875055e+06
 -26.4 2.875243e+06
 -26.3 2.875432e+06
 -26.2 2.875622e+06
 -26.1 2.875814e+06
 -26.0 2.876007e+06
 -25.9 2.876201e+06
 -25.8 2.876397e+06
 -25.7 2.876594e+06
 -25.6 2.876793e+06
 -25.5 2.876993e+06
 -25.4 2.877194e+06
 -25.3 2.877397e+06
 -25.2 2.877601e+06
 -25.1 2.877807e+06
 -25.0 2.878014e+06
 -24.9 2.878222e+06
 -24.8 2.878432e+06
 -24.7 2.878643e+06
 -24.6 2.878856e+06
 -24.5 2.879070e+06
 -24.4 2.879285e+06
 -24.3 2.879501e+06
 -24.2 2.879719e+06
 -24.1 2.879939e+06
 -24.0 2.880159e+06
 -23.9 2.880381e+06
 -23.8 2.880604e+06
 -23.7 2.880829e+06
 -23.6 2.881055e+06
 -23.5 2.881282e+06
 -23.4 2.881511e+06
 -23.3 2.881741e+06
 -23.2 2.881972e+06
 -23.1 2.882205e+06
 -23.0 2.882438e+06
 -22.9 2.882674e+06
 -22.8 2.882910e+06
 -22.7 2.883148e+06
 -22.6 2.883387e+06
 -22.5 2.883627e+06
 -22.4 2.883869e+06
 -22.3 2.884112e+06
 -22.2 2.884356e+06
 -22.1 2.884601e+06
 -22.0 2.884848e+06
 -21.9 2.885096e+06
 -21.8 2.885345e+06
 -21.7 2.885596e+06
 -21.6 2.885848e+06
 -21.5 2.886101e+06
 -21.4 2.886355e+06
 -21.3 2.886610e+06
 -21.2 2.886867e+06
 -21.1 2.887125e+06
 -21.0 2.887384e+06
 -20.9 2.887644e+06
 -20.8 2.887906e+06
 -20.7 2.888168e+06
 -20.6 2.888432e+06
 -20.5 2.888697e+06
 -20.4 2.888963e+06
 -20.3 2.889231e+06
 -20.2 2.889499e+06
 -20.1 2.889769e+06
 -20.0 2.890040e+06
 -19.9 2.890312e+06
 -19.8 2.890585e+06
 -19.7 2.890860e+06
 -19.6 2.891135e+06
 -19.5 2.891412e+06
 -19.4 2.891689e+06
 -19.3 2.891968e+06
 -19.2 2.892248e+06
 -19.1 2.892529e+06
 -19.0 2.892811e+06
 -18.9 2.893095e+06
 -18.8 2.893379e+06
 -18.7 2.893664e+06
 -18.6 2.893951e+06
 -18.5 2.894238e+06
 -18.4 2.894527e+06
 -18.3 2.894816e+06
 -18.2 2.895107e+06
 -18.1 2.895399e+06
 -18.0 2.895691e+06
 -17.9 2.895985e+06
 -17.8 2.896280e+06
 -17.7 2.896576e+06
 -17.6 2.896872e+06
 -17.5 2.897170e+06
 -17.4 2.897469e+06
 -17.3 2.897768e+06
 -17.2 2.898069e+06
 -17.1 2.898371e+06
 -17.0 2.898673e+06
 -16.9 2.898977e+06
 -16.8 2.899281e+06
 -16.7 2.899587e+06
 -16.6 2.899893e+06
 -16.5 2.900200e+06
 -16.4 2.900508e+06
 -16.3 2.900817e+06
 -16.2 2.901127e+06
 -16.1 2.901438e+06
 -16.0 2.901750e+06
 -15.9 2.902063e+06
 -15.8 2.902376e+06
 -15.7 2.902690e+06
 -15.6 2.903005e+06
 -15.5 2.903321e+06
 -15.4 2.903638e+06
 -15.3 2.903956e+06
 -15.2 2.904274e+06
 -15.1 2.904593e+06
 -15.0 2.904913e+06
 -14.9 2.905234e+06
 -14.8 2.905556e+06
 -14.7 2.905878e+06
 -14.6 2.906201e+06
 -14.5 2.906525e+06
 -14.4 2.906850e+06
 -14.3 2.907175e+06
 -14.2 2.907501e+06
 -14.1 2.907828e+06
 -14.0 2.908156e+06
 -13.9 2.908484e+06
 -13.8 2.908813e+06
 -13.7 2.909142e+06
 -13.6 2.909473e+06
 -13.5 2.909804e+06
 -13.4 2.910135e+06
 -13.3 2.910467e+06
 -13.2 2.910800e+06
 -13.1 2.911134e+06
 -13.0 2.911468e+06
 -12.9 2.911803e+06
 -12.8 2.912138e+06
 -12.7 2.912474e+06
 -12.6 2.912810e+06
 -12.5 2.913147e+06
 -12.4 2.913485e+06
 -12.3 2.913823e+06
 -12.2 2.914162e+06
 -12.1 2.914501e+06
 -12.0 2.914841e+06
 -11.9 2.915182e+06
 -11.8 2.915522e+06
 -11.7 2.915864e+06
 -11.6 2.916206e+06
 -11.5 2.916548e+06
 -11.4 2.916891e+06
 -11.3 2.917234e+06
 -11.2 2.917578e+06
 -11.1 2.917922e+06
 -11.0 2.918266e+06
 -10.9 2.918611e+06
 -10.8 2.918957e+06
 -10.7 2.919303e+06
 -10.6 2.919649e+06
 -10.5 2.919995e+06
 -10.4 2.920342e+06
 -10.3 2.920690e+06
 -10.2 2.921037e+06
 -10.1 2.921385e+06
 -10.0 2.921734e+06
  -9.9 2.922082e+06
  -9.8 2.922431e+06
  -9.7 2.922781e+06
  -9.6 2.923130e+06
  -9.5 2.923480e+06
  -9.4 2.923831e+06
  -9.3 2.924181e+06
  -9.2 2.924532e+06
  -9.1 2.924883e+06
  -9.0 2.925234e+06
  -8.9 2.925585e+06
  -8.8 2.925937e+06
  -8.7 2.926289e+06
  -8.6 2.926641e+06
  -8.5 2.926993e+06
  -8.4 2.927345e+06
  -8.3 2.927698e+06
  -8.2 2.928051e+06
  -8.1 2.928403e+06
  -8.0 2.928756e+06
  -7.9 2.929110e+06
  -7.8 2.929463e+06
  -7.7 2.929816e+06
  -7.6 2.930170e+06
  -7.5 2.930523e+06
  -7.4 2.930877e+06
  -7.3 2.931230e+06
  -7.2 2.931584e+06
  -7.1 2.931938e+06
  -7.0 2.932292e+06
  -6.9 2.932646e+06
  -6.8 2.932999e+06
  -6.7 2.933353e+06
  -6.6 2.933707e+06
  -6.5 2.934061e+06
  -6.4 2.934415e+06
  -6.3 2.934768e+06
  -6.2 2.935122e+06
  -6.1 2.935476e+06
  -6.0 2.935829e+06
  -5.9 2.936183e+06
  -5.8 2.936536e+06
  -5.7 2.936890e+06
  -5.6 2.937243e+06
  -5.5 2.937596e+06
  -5.4 2.937949e+06
  -5.3 2.938302e+06
  -5.2 2.938655e+06
  -5.1 2.939007e+06
  -5.0 2.939360e+06
  -4.9 2.939712e+06
  -4.8 2.940064e+06
  -4.7 2.940416e+06
  -4.6 2.940767e+06
  -4.5 2.941119e+06
  -4.4 2.941470e+06
  -4.3 2.941821e+06
  -4.2 2.942172e+06
  -4.1 2.942522e+06
  -4.0 2.942872e+06
  -3.9 2.943222e+06
  -3.8 2.943572e+06
  -3.7 2.943921e+06
  -3.6 2.944270e+06
  -3.5 2.944619e+06
  -3.4 2.944967e+06
  -3.3 2.945315e+06
  -3.2 2.945663e+06
  -3.1 2.946010e+06
  -3.0 2.946357e+06
  -2.9 2.946704e+06
  -2.8 2.947050e+06
  -2.7 2.947396e+06
  -2.6 2.947742e+06
  -2.5 2.948087e+06
  -2.4 2.948431e+06
  -2.3 2.948775e+06
  -2.2 2.949119e+06
  -2.1 2.949462e+06
  -2.0 2.949805e+06
  -1.9 2.950148e+06
  -1.8 2.950489e+06
  -1.7 2.950831e+06
  -1.6 2.951172e+06
  -1.5 2.951512e+06
  -1.4 2.951852e+06
  -1.3 2.952191e+06
  -1.2 2.952530e+06
  -1.1 2.952868e+06
  -1.0 2.953206e+06
  -0.9 2.953543e+06
  -0.8 2.953880e+06
  -0.7 2.954216e+06
  -0.6 2.954551e+06
  -0.5 2.954886e+06
  -0.4 2.955220e+06
  -0.3 2.955554e+06
  -0.2 2.955887e+06
  -0.1 2.956219e+06
   0.0 2.956551e+06
   0.1 2.956882e+06
   0.2 2.957212e+06
   0.3 2.957542e+06
   0.4 2.957870e+06
   0.5 2.958199e+06
   0.6 2.958526e+06
   0.7 2.958853e+06
   0.8 2.959179e+06
   0.9 2.959505e+06
   1.0 2.959830e+06
   1.1 2.960154e+06
   1.2 2.960477e+06
   1.3 2.960799e+06
   1.4 2.961121e+06
   1.5 2.961442e+06
   1.6 2.961762e+06
   1.7 2.962081e+06
   1.8 2.962400e+06
   1.9 2.962718e+06
   2.0 2.963035e+06
   2.1 2.963351e+06
   2.2 2.963666e+06
   2.3 2.963980e+06
   2.4 2.964294e+06
   2.5 2.964607e+06
   2.6 2.964919e+06
   2.7 2.965230e+06
   2.8 2.965540e+06
   2.9 2.965849e+06
   3.0 2.966157e+06
   3.1 2.966465e+06
   3.2 2.966771e+06
   3.3 2.967077e+06
   3.4 2.967381e+06
   3.5 2.967685e+06
   3.6 2.967988e+06
   3.7 2.968290e+06
   3.8 2.968591e+06
   3.9 2.968891e+06
   4.0 2.969189e+06
   4.1 2.969487e+06
   4.2 2.969784e+06
   4.3 2.970080e+06
   4.4 2.970375e+06
   4.5 2.970669e+06
   4.6 2.970962e+06
   4.7 2.971254e+06
   4.8 2.971545e+06
   4.9 2.971835e+06
   5.0 2.972124e+06
   5.1 2.972412e+06
   5.2 2.972698e+06
   5.3 2.972984e+06
   5.4 2.973269e+06
   5.5 2.973552e+06
   5.6 2.973835e+06
   5.7 2.974116e+06
   5.8 2.974396e+06
   5.9 2.974675e+06
   6.0 2.974953e+06
   6.1 2.975230e+06
   6.2 2.975506e+06
   6.3 2.975781e+06
   6.4 2.976054e+06
   6.5 2.976327e+06
   6.6 2.976598e+06
   6.7 2.976868e+06
   6.8 2.977137e+06
   6.9 2.977405e+06
   7.0 2.977672e+06
   7.1 2.977937e+06
   7.2 2.978201e+06
   7.3 2.978464e+06
   7.4 2.978726e+06
   7.5 2.978987e+06
   7.6 2.979247e+06
   7.7 2.979505e+06
   7.8 2.979762e+06
   7.9 2.980018e+06
   8.0 2.980272e+06
   8.1 2.980526e+06
   8.2 2.980778e+06
   8.3 2.981029e+06
   8.4 2.981279e+06
   8.5 2.981527e+06
   8.6 2.981774e+06
   8.7 2.982020e+06
   8.8 2.982265e+06
   8.9 2.982508e+06
   9.0 2.982751e+06
   9.1 2.982991e+06
   9.2 2.983231e+06
   9.3 2.983469e+06
   9.4 2.983706e+06
   9.5 2.983942e+06
   9.6 2.984177e+06
   9.7 2.984410e+06
   9.8 2.984642e+06
   9.9 2.984872e+06
  10.0 2.985101e+06
  10.1 2.985329e+06
  10.2 2.985556e+06
  10.3 2.985781e+06
  10.4 2.986005e+06
  10.5 2.986227e+06
  10.6 2.986449e+06
  10.7 2.986668e+06
  10.8 2.986887e+06
  10.9 2.987104e+06
  11.0 2.987320e+06
  11.1 2.987535e+06
  11.2 2.987748e+06
  11.3 2.987959e+06
  11.4 2.988170e+06
  11.5 2.988379e+06
  11.6 2.988587e+06
  11.7 2.988793e+06
  11.8 2.988998e+06
  11.9 2.989201e+06
  12.0 2.989404e+06
  12.1 2.989604e+06
  12.2 2.989804e+06
  12.3 2.990002e+06
  12.4 2.990198e+06
  12.5 2.990393e+06
  12.6 2.990587e+06
  12.7 2.990780e+06
  12.8 2.990971e+06
  12.9 2.991160e+06
  13.0 2.991348e+06
  13.1 2.991535e+06
  13.2 2.991721e+06
  13.3 2.991905e+06
  13.4 2.992087e+06
  13.5 2.992268e+06
  13.6 2.992448e+06
  13.7 2.992626e+06
  13.8 2.992803e+06
  13.9 2.992978e+06
  14.0 2.993152e+06
  14.1 2.993325e+06
  14.2 2.993496e+06
  14.3 2.993666e+06
  14.4 2.993834e+06
  14.5 2.994001e+06
  14.6 2.994166e+06
  14.7 2.994330e+06
  14.8 2.994493e+06
  14.9 2.994654e+06
  15.0 2.994814e+06
  15.1 2.994972e+06
  15.2 2.995129e+06
  15.3 2.995284e+06
  15.4 2.995438e+06
  15.5 2.995590e+06
  15.6 2.995741e+06
  15.7 2.995891e+06
  15.8 2.996039e+06
  15.9 2.996186e+06
  16.0 2.996331e+06
  16.1 2.996474e+06
  16.2 2.996617e+06
  16.3 2.996758e+06
  16.4 2.996897e+06
  16.5 2.997035e+06
  16.6 2.997172e+06
  16.7 2.997307e+06
  16.8 2.997440e+06
  16.9 2.997572e+06
  17.0 2.997703e+06
  17.1 2.997832e+06
  17.2 2.997960e+06
  17.3 2.998086e+06
  17.4 2.998211e+06
  17.5 2.998335e+06
  17.6 2.998457e+06
  17.7 2.998577e+06
  17.8 2.998697e+06
  17.9 2.998814e+06
  18.0 2.998930e+06
  18.1 2.999045e+06
  18.2 2.999159e+06
  18.3 2.999270e+06
  18.4 2.999381e+06
  18.5 2.999490e+06
  18.6 2.999598e+06
  18.7 2.999704e+06
  18.8 2.999808e+06
  18.9 2.999912e+06
  19.0 3.000013e+06
  19.1 3.000114e+06
  19.2 3.000213e+06
  19.3 3.000310e+06
  19.4 3.000406e+06
  19.5 3.000501e+06
  19.6 3.000594e+06
  19.7 3.000686e+06
  19.8 3.000776e+06
  19.9 3.000865e+06
  20.0 3.000953e+06
  20.1 3.001039e+06
  20.2 3.001124e+06
  20.3 3.001207e+06
  20.4 3.001289e+06
  20.5 3.001369e+06
  20.6 3.001448e+06
  20.7 3.001526e+06
  20.8 3.001602e+06
  20.9 3.001677e+06
  21.0 3.001750e+06
  21.1 3.001822e+06
  21.2 3.001893e+06
  21.3 3.001962e+06
  21.4 3.002030e+06
  21.5 3.002096e+06
  21.6 3.002161e+06
  21.7 3.002225e+06
  21.8 3.002287e+06
  21.9 3.002348e+06
  22.0 3.002407e+06
  22.1 3.002466e+06
  22.2 3.002522e+06
  22.3 3.002578e+06
  22.4 3.002632e+06
  22.5 3.002684e+06
  22.6 3.002736e+06
  22.7 3.002785e+06
  22.8 3.002834e+06
  22.9 3.002881e+06
  23.0 3.002927e+06
  23.1 3.002972e+06
  23.2 3.003015e+06
  23.3 3.003056e+06
  23.4 3.003097e+06
  23.5 3.003136e+06
  23.6 3.003174e+06
  23.7 3.003210e+06
  23.8 3.003245e+06
  23.9 3.003279e+06
  24.0 3.003312e+06
  24.1 3.003343e+06
  24.2 3.003373e+06
  24.3 3.003401e+06
  24.4 3.003429e+06
  24.5 3.003455e+06
  24.6 3.003479e+06
  24.7 3.003503e+06
  24.8 3.003525e+06
  24.9 3.003545e+06
  25.0 3.003565e+06
  25.1 3.003583e+06
  25.2 3.003600e+06
  25.3 3.003616e+06
  25.4 3.003630e+06
  25.5 3.003643e+06
  25.6 3.003655e+06
  25.7 3.003666e+06
  25.8 3.003675e+06
  25.9 3.003683e+06
  26.0 3.003690e+06
  26.1 3.003696e+06
  26.2 3.003700e+06
  26.3 3.003703e+06
  26.4 3.003705e+06
  26.5 3.003706e+06
  26.6 3.003706e+06
  26.7 3.003704e+06
  26.8 3.003701e+06
  26.9 3.003697e+06
  27.0 3.003691e+06
  27.1 3.003685e+06
  27.2 3.003677e+06
  27.3 3.003668e+06
  27.4 3.003658e+06
  27.5 3.003647e+06
  27.6 3.003635e+06
  27.7 3.003621e+06
  27.8 3.003606e+06
  27.9 3.003590e+06
  28.0 3.003573e+06
  28.1 3.003555e+06
  28.2 3.003535e+06
  28.3 3.003515e+06
  28.4 3.003493e+06
  28.5 3.003470e+06
  28.6 3.003447e+06
  28.7 3.003421e+06
  28.8 3.003395e+06
  28.9 3.003368e+06
  29.0 3.003340e+06
  29.1 3.003310e+06
  29.2 3.003280e+06
  29.3 3.003248e+06
  29.4 3.003215e+06
  29.5 3.003181e+06
  29.6 3.003146e+06
  29.7 3.003110e+06
  29.8 3.003073e+06
  29.9 3.003035e+06
  30.0 3.002996e+06
  30.1 3.002956e+06
  30.2 3.002914e+06
  30.3 3.002872e+06
  30.4 3.002829e+06
  30.5 3.002784e+06
  30.6 3.002739e+06
  30.7 3.002692e+06
  30.8 3.002645e+06
  30.9 3.002596e+06
  31.0 3.002547e+06
  31.1 3.002496e+06
  31.2 3.002445e+06
  31.3 3.002392e+06
  31.4 3.002339e+06
  31.5 3.002285e+06
  31.6 3.002229e+06
  31.7 3.002173e+06
  31.8 3.002115e+06
  31.9 3.002057e+06
  32.0 3.001998e+06
  32.1 3.001938e+06
  32.2 3.001877e+06
  32.3 3.001814e+06
  32.4 3.001751e+06
  32.5 3.001688e+06
  32.6 3.001623e+06
  32.7 3.001557e+06
  32.8 3.001490e+06
  32.9 3.001423e+06
  33.0 3.001354e+06
  33.1 3.001285e+06
  33.2 3.001215e+06
  33.3 3.001143e+06
  33.4 3.001071e+06
  33.5 3.000999e+06
  33.6 3.000925e+06
  33.7 3.000850e+06
  33.8 3.000775e+06
  33.9 3.000699e+06
  34.0 3.000621e+06
  34.1 3.000543e+06
  34.2 3.000465e+06
  34.3 3.000385e+06
  34.4 3.000305e+06
  34.5 3.000223e+06
  34.6 3.000141e+06
  34.7 3.000058e+06
  34.8 2.999975e+06
  34.9 2.999890e+06
  35.0 2.999805e+06
  35.1 2.999719e+06
  35.2 2.999632e+06
  35.3 2.999545e+06
  35.4 2.999456e+06
  35.5 2.999367e+06
  35.6 2.999278e+06
  35.7 2.999187e+06
  35.8 2.999096e+06
  35.9 2.999004e+06
  36.0 2.998911e+06
  36.1 2.998817e+06
  36.2 2.998723e+06
  36.3 2.998628e+06
  36.4 2.998533e+06
  36.5 2.998436e+06
  36.6 2.998339e+06
  36.7 2.998242e+06
  36.8 2.998143e+06
  36.9 2.998044e+06
  37.0 2.997944e+06
  37.1 2.997844e+06
  37.2 2.997743e+06
  37.3 2.997641e+06
  37.4 2.997539e+06
  37.5 2.997436e+06
  37.6 2.997332e+06
  37.7 2.997228e+06
  37.8 2.997123e+06
  37.9 2.997018e+06
  38.0 2.996911e+06
  38.1 2.996805e+06
  38.2 2.996697e+06
  38.3 2.996589e+06
  38.4 2.996481e+06
  38.5 2.996372e+06
  38.6 2.996262e+06
  38.7 2.996152e+06
  38.8 2.996041e+06
  38.9 2.995930e+06
  39.0 2.995818e+06
  39.1 2.995705e+06
  39.2 2.995592e+06
  39.3 2.995479e+06
  39.4 2.995364e+06
  39.5 2.995250e+06
  39.6 2.995135e+06
  39.7 2.995019e+06
  39.8 2.994903e+06
  39.9 2.994786e+06
  40.0 2.994669e+06
  40.1 2.994551e+06
  40.2 2.994433e+06
  40.3 2.994314e+06
  40.4 2.994195e+06
  40.5 2.994075e+06
  40.6 2.993955e+06
  40.7 2.993835e+06
  40.8 2.993714e+06
  40.9 2.993592e+06
  41.0 2.993470e+06
  41.1 2.993348e+06
  41.2 2.993225e+06
  41.3 2.993102e+06
  41.4 2.992978e+06
  41.5 2.992854e+06
  41.6 2.992729e+06
  41.7 2.992604e+06
  41.8 2.992479e+06
  41.9 2.992353e+06
  42.0 2.992227e+06
  42.1 2.992101e+06
  42.2 2.991974e+06
  42.3 2.991847e+06
  42.4 2.991719e+06
  42.5 2.991591e+06
  42.6 2.991463e+06
  42.7 2.991334e+06
  42.8 2.991205e+06
  42.9 2.991076e+06
  43.0 2.990946e+06
  43.1 2.990816e+06
  43.2 2.990685e+06
  43.3 2.990555e+06
  43.4 2.990424e+06
  43.5 2.990292e+06
  43.6 2.990161e+06
  43.7 2.990029e+06
  43.8 2.989896e+06
  43.9 2.989764e+06
  44.0 2.989631e+06
  44.1 2.989498e+06
  44.2 2.989364e+06
  44.3 2.989231e+06
  44.4 2.989097e+06
  44.5 2.988962e+06
  44.6 2.988828e+06
  44.7 2.988693e+06
  44.8 2.988558e+06
  44.9 2.988423e+06
  45.0 2.988288e+06
