# Pomiary radaru CN0566
# Data: 2025-07-11 12:11:02
# Częstotliwość: 10.394 GHz
# d/λ = 0.485
# Kolumny: Pomiar, Kąt_Final, Kąt_Fazowy, Kąt_MLE, Korelacja, Metoda
  1   34.77   34.77  -36.76  0.998 PHASE
  2   34.75   34.75  -35.05  0.998 PHASE
  3   34.73   34.73  -34.00  0.997 PHASE
  4   34.74   34.74  -32.86  1.000 PHASE
  5   34.75   34.75  -32.86  0.997 PHASE
  6   34.81   34.81  -34.76  0.999 PHASE
  7   34.93   34.93  -35.01  0.997 PHASE
  8   34.94   34.94  -33.04  0.998 PHASE
  9   35.00   35.00  -35.98  0.997 PHASE
 10   35.09   35.09  -36.65  0.997 PHASE
 11   35.19   35.19  -33.58  0.997 PHASE
 12   35.30   35.30  -32.90  0.997 PHASE
 13   35.40   35.40  -34.23  0.998 PHASE
 14   35.39   35.39  -34.27  0.996 PHASE
 15   35.48   35.48  -35.63  0.998 PHASE
 16   35.54   35.54  -33.83  0.997 PHASE
 17   35.58   35.58  -35.49  0.997 PHASE
 18   35.92   35.92  -33.75  0.996 PHASE
 19   36.30   36.30  -33.32  0.995 PHASE
 20   36.11   36.11  -38.30  0.997 PHASE
 21   36.19   36.19  -36.29  0.997 PHASE
 22   35.90   35.90  -36.12  0.996 PHASE
 23   36.04   36.04  -38.29  0.996 PHASE
 24   36.21   36.21  -33.73  0.996 PHASE
 25   36.61   36.61  -35.63  0.995 PHASE
 26   36.28   36.28  -37.31  0.996 PHASE
 27   36.56   36.56  -38.34  0.996 PHASE
 28   36.49   36.49  -33.85  0.996 PHASE
 29   36.62   36.62  -38.69  0.998 PHASE
 30   36.93   36.93  -38.51  0.996 PHASE
 31   36.71   36.71  -35.24  0.997 PHASE
 32   36.87   36.87  -37.84  0.996 PHASE
 33   37.07   37.07  -37.85  0.998 PHASE
 34   37.08   37.08  -38.22  0.997 PHASE
 35   37.13   37.13  -36.31  0.997 PHASE
 36   37.17   37.17  -38.67  0.997 PHASE
 37   37.39   37.39  -38.13  0.997 PHASE
 38   37.26   37.26  -38.89  0.998 PHASE
 39   37.52   37.52  -35.31  0.997 PHASE
 40   37.28   37.28  -39.38  0.998 PHASE
 41   37.74   37.74  -38.96  0.995 PHASE
 42   37.69   37.69  -35.26  0.999 PHASE
 43   37.83   37.83  -35.27  0.996 PHASE
 44   37.69   37.69  -38.28  0.998 PHASE
 45   37.91   37.91  -36.46  0.995 PHASE
 46   37.94   37.94  -38.17  0.996 PHASE
 47   37.97   37.97  -38.21  0.996 PHASE
 48   37.95   37.95  -40.03  0.996 PHASE
 49   38.10   38.10  -39.42  0.998 PHASE
 50   38.09   38.09  -40.45  0.998 PHASE
 51   38.27   38.27  -37.83  0.996 PHASE
 52   38.38   38.38  -43.44  0.995 PHASE
 53   38.41   38.41  -40.33  0.995 PHASE
 54   38.51   38.51  -41.76  0.995 PHASE
 55   38.58   38.58  -39.42  0.995 PHASE
 56   38.58   38.58  -38.64  0.995 PHASE
 57   38.62   38.62  -39.24  0.996 PHASE
 58   38.88   38.88  -37.11  0.997 PHASE
 59   38.82   38.82  -38.22  0.996 PHASE
 60   39.03   39.03  -45.46  0.995 PHASE
 61   39.09   39.09  -34.94  0.995 PHASE
 62   39.06   39.06  -37.04  0.998 PHASE
 63   39.22   39.22  -36.39  0.996 PHASE
 64   39.12   39.12  -41.42  0.997 PHASE
 65   39.47   39.47  -41.77  0.995 PHASE
 66   39.43   39.43  -39.22  0.997 PHASE
 67   39.67   39.67  -38.36  0.995 PHASE
 68   39.58   39.58  -40.45  0.996 PHASE
 69   39.60   39.60  -36.62  0.996 PHASE
 70   39.80   39.80  -37.95  0.996 PHASE
 71   39.83   39.83  -38.74  0.995 PHASE
 72   39.87   39.87  -39.78  0.996 PHASE
 73   40.13   40.13  -39.98  0.995 PHASE
 74   40.05   40.05  -42.20  0.996 PHASE
 75   40.10   40.10  -37.61  0.996 PHASE
 76   40.37   40.37  -38.25  0.996 PHASE
 77   40.40   40.40  -41.05  0.996 PHASE
 78   40.52   40.52  -43.40  0.995 PHASE
 79   40.48   40.48  -40.66  0.996 PHASE
 80   40.69   40.69  -39.34  0.995 PHASE
 81   40.70   40.70  -44.68  0.995 PHASE
 82   40.77   40.77  -39.57  0.996 PHASE
 83   40.85   40.85  -40.33  0.997 PHASE
 84   40.95   40.95  -40.07  0.997 PHASE
 85   40.97   40.97  -39.20  0.996 PHASE
 86   41.00   41.00  -40.31  0.997 PHASE
 87   41.18   41.18  -38.48  0.995 PHASE
 88   41.20   41.20  -42.28  0.995 PHASE
 89   41.30   41.30  -43.80  0.995 PHASE
 90   41.42   41.42  -40.91  0.995 PHASE
 91   41.49   41.49  -41.21  0.996 PHASE
 92   41.64   41.64  -42.26  0.995 PHASE
 93   41.72   41.72  -42.89  0.995 PHASE
 94   41.74   41.74  -39.03  0.996 PHASE
 95   41.82   41.82  -39.96  0.995 PHASE
 96   41.88   41.88  -41.72  0.996 PHASE
 97   42.12   42.12  -39.77  0.995 PHASE
 98   42.07   42.07  -44.45  0.996 PHASE
 99   42.38   42.38  -41.00  0.996 PHASE
100   42.24   42.24  -40.38  0.996 PHASE
