# Pomiary radaru CN0566 - rozszerzone metody
# Data: 2025-07-11 13:17:02
# Częstotliwość: 10.394 GHz
# Rozmiar kroku: 0.2 mm
# Estymowane współrzędne celu: (0.166, -0.000) m
# Kąt z estymacji współrzędnych: -0.01°
# Kąt z Synthetic Aperture: 0.00°
# Kolumny: Pomiar, Pozycja[m], Kąt_Podstawowy, Kąt_MLE, Kąt_Estym_Współrz, Kąt_SA
  1  0.00000  -19.84   19.26   -0.00    0.00
  2  0.00020  -19.78   19.19   -0.00    0.00
  3  0.00040  -19.73   20.38   -0.00    0.00
  4  0.00060  -19.71   20.37   -0.00    0.00
  5  0.00080  -19.64   18.51   -0.00    0.00
  6  0.00100  -19.68   13.86   -0.00    0.00
  7  0.00120  -19.42   23.33   -0.00    0.00
  8  0.00140  -19.40   19.37   -0.00    0.00
  9  0.00160  -19.56   19.33   -0.00    0.00
 10  0.00180  -19.16   18.57   -0.00    0.00
 11  0.00200  -19.06   18.69   -0.00    0.00
 12  0.00220  -19.05   20.15   -0.00    0.00
 13  0.00240  -19.03   19.36   -0.00    0.00
 14  0.00260  -19.03   18.90   -0.00    0.00
 15  0.00280  -18.94   17.97   -0.00    0.00
 16  0.00300  -18.81   17.67   -0.00    0.00
 17  0.00320  -18.68   20.05   -0.00    0.00
 18  0.00340  -18.63   15.91   -0.00    0.00
 19  0.00360  -18.55   18.06   -0.00    0.00
 20  0.00380  -18.51   20.24   -0.00    0.00
 21  0.00400  -18.65   19.42   -0.00    0.00
 22  0.00420  -18.48   18.16   -0.00    0.00
 23  0.00440  -18.92   19.15   -0.00    0.00
 24  0.00460  -18.42   18.37   -0.00    0.00
 25  0.00480  -18.19   19.63   -0.00    0.00
 26  0.00500  -18.41   21.91   -0.00    0.00
 27  0.00520  -18.24   18.70   -0.00    0.00
 28  0.00540  -18.26   19.67   -0.00    0.00
 29  0.00560  -18.15   19.49   -0.00    0.00
 30  0.00580  -18.26   20.26   -0.00    0.00
 31  0.00600  -18.17   17.33   -0.00    0.00
 32  0.00620  -17.95   18.34   -0.00    0.00
 33  0.00640  -17.99   18.48   -0.00    0.00
 34  0.00660  -17.94   17.84   -0.00    0.00
 35  0.00680  -17.75   14.74   -0.00    0.00
 36  0.00700  -17.66   17.55   -0.00    0.00
 37  0.00720  -17.81   17.54   -0.00    0.00
 38  0.00740  -17.76   17.56   -0.00    0.00
 39  0.00760  -17.52   16.71   -0.00    0.00
 40  0.00780  -17.72   17.80   -0.00    0.00
 41  0.00800  -17.65   20.19   -0.00    0.00
 42  0.00820  -17.56   17.92   -0.00    0.00
 43  0.00840  -17.48   21.25   -0.00    0.00
 44  0.00860  -17.47   18.05   -0.00    0.00
 45  0.00880  -17.51   16.39   -0.00    0.00
 46  0.00900  -17.44   17.41   -0.00    0.00
 47  0.00920  -17.36   16.37   -0.00    0.00
 48  0.00940  -17.29   17.02   -0.00    0.00
 49  0.00960  -17.15   16.76   -0.00    0.00
 50  0.00980  -17.12   17.39   -0.00    0.00
 51  0.01000  -16.47   16.76   -0.00    0.00
 52  0.01020  -16.02   16.05   -0.00    0.00
 53  0.01040  -16.81   18.67   -0.00    0.00
 54  0.01060  -16.62   16.26   -0.00    0.00
 55  0.01080  -17.00   16.90   -0.00    0.00
 56  0.01100  -16.78   16.74   -0.00    0.00
 57  0.01120  -16.75   14.31   -0.00    0.00
 58  0.01140  -16.51   16.58   -0.00    0.00
 59  0.01160  -16.38   16.36   -0.00    0.00
 60  0.01180  -16.53   16.67   -0.00    0.00
 61  0.01200  -16.20   16.46   -0.00    0.00
 62  0.01220  -16.25   15.91   -0.00    0.00
 63  0.01240  -16.10   16.37   -0.00    0.00
 64  0.01260  -16.06   15.62   -0.00    0.00
 65  0.01280  -16.23   10.26   -0.00    0.00
 66  0.01300  -16.03   15.57   -0.00    0.00
 67  0.01320  -15.93   15.83   -0.00    0.00
 68  0.01340  -15.99   15.67   -0.00    0.00
 69  0.01360  -16.02   15.61   -0.00    0.00
 70  0.01380  -16.02   17.10   -0.00    0.00
 71  0.01400  -16.03   16.78   -0.00    0.00
 72  0.01420  -15.83   14.37   -0.00    0.00
 73  0.01440  -15.63   15.83   -0.00    0.00
 74  0.01460  -15.56   15.04   -0.00    0.00
 75  0.01480  -15.61   15.75   -0.00    0.00
 76  0.01500  -15.59   22.78   -0.00    0.00
 77  0.01520  -15.69   15.72   -0.00    0.00
 78  0.01540  -15.60   15.19   -0.00    0.00
 79  0.01560  -15.35   15.37   -0.00    0.00
 80  0.01580  -15.22   14.39   -0.00    0.00
 81  0.01600  -15.18   15.46   -0.00    0.00
 82  0.01620  -15.19   15.27   -0.00    0.00
 83  0.01640  -15.15   15.22   -0.00    0.00
 84  0.01660  -15.09   15.12   -0.00    0.00
 85  0.01680  -14.94   14.94   -0.00    0.00
 86  0.01700  -14.94   15.62   -0.00    0.00
 87  0.01720  -14.81   14.80   -0.00    0.00
 88  0.01740  -14.81   19.62   -0.00    0.00
 89  0.01760  -14.73   14.74   -0.00    0.00
 90  0.01780  -14.60   13.96   -0.00    0.00
 91  0.01800  -14.52   14.36   -0.00    0.00
 92  0.01820  -14.49   14.29   -0.00    0.00
 93  0.01840  -14.42   14.20   -0.00    0.00
 94  0.01860  -14.37   17.50   -0.00    0.00
 95  0.01880  -14.30   13.92   -0.00    0.00
 96  0.01900  -14.23   12.86   -0.00    0.00
 97  0.01920  -14.16   13.79   -0.00    0.00
 98  0.01940  -14.12   15.75   -0.00    0.00
 99  0.01960  -14.04   14.18   -0.00    0.00
100  0.01980  -13.96   13.86   -0.00    0.00
101  0.02000  -13.90   11.60   -0.00    0.00
102  0.02020  -13.83   13.78   -0.00    0.00
103  0.02040  -13.77   13.83   -0.00    0.00
104  0.02060  -13.73   14.56   -0.00    0.00
105  0.02080  -13.66   15.41   -0.00    0.00
106  0.02100  -13.62   13.60   -0.00    0.00
107  0.02120  -13.53   13.31   -0.00    0.00
108  0.02140  -13.48   13.01   -0.00    0.00
109  0.02160  -13.43   13.44   -0.00    0.00
110  0.02180  -13.33   14.05   -0.00    0.00
111  0.02200  -13.29   13.55   -0.00    0.00
112  0.02220  -13.25   14.23   -0.00    0.00
113  0.02240  -13.13   12.26   -0.00    0.00
114  0.02260  -13.09   12.56   -0.00    0.00
115  0.02280  -13.02   13.44   -0.00    0.00
116  0.02300  -12.94   12.60   -0.00    0.00
117  0.02320  -12.92   12.94   -0.00    0.00
118  0.02340  -12.82   12.75   -0.00    0.00
119  0.02360  -12.78   12.67   -0.00    0.00
120  0.02380  -12.72   12.74   -0.00    0.00
121  0.02400  -12.66   12.18   -0.00    0.00
122  0.02420  -12.55   13.31   -0.00    0.00
123  0.02440  -12.50   11.97   -0.00    0.00
124  0.02460  -12.46   12.36   -0.00    0.00
125  0.02480  -12.38   13.03   -0.00    0.00
126  0.02500  -12.32   12.35   -0.00    0.00
127  0.02520  -12.29   12.34   -0.00    0.00
128  0.02540  -12.19   12.04   -0.00    0.00
129  0.02560  -12.16    9.82   -0.00    0.00
130  0.02580  -12.17   13.03   -0.00    0.00
131  0.02600  -12.05   12.00   -0.00    0.00
132  0.02620  -12.01   12.18   -0.00    0.00
133  0.02640  -12.06    9.28   -0.00    0.00
134  0.02660  -11.97   11.03   -0.00    0.00
135  0.02680  -11.84    3.80   -0.00    0.00
136  0.02700  -11.80   12.45   -0.00    0.00
137  0.02720  -11.69   13.01   -0.00    0.00
138  0.02740  -11.61   11.85   -0.00    0.00
139  0.02760  -11.59   12.16   -0.00    0.00
140  0.02780  -11.48   12.55   -0.00    0.00
141  0.02800  -11.42   11.17   -0.00    0.00
142  0.02820  -11.35   11.25   -0.00    0.00
143  0.02840  -11.32    9.80   -0.00    0.00
144  0.02860  -11.30   11.07   -0.00    0.00
145  0.02880  -11.22   11.76   -0.00    0.00
146  0.02900  -11.20   11.18   -0.00    0.00
147  0.02920  -11.14   11.91   -0.00    0.00
148  0.02940  -11.06   11.24   -0.00    0.00
149  0.02960  -11.00   10.68   -0.00    0.00
150  0.02980  -10.97   11.29   -0.00    0.00
151  0.03000  -10.91   11.35   -0.00    0.00
152  0.03020  -10.83   10.54   -0.00    0.00
153  0.03040  -10.79   10.77   -0.00    0.00
154  0.03060  -10.67   10.53   -0.00    0.00
155  0.03080  -10.62   10.42   -0.00    0.00
156  0.03100  -10.57   10.50   -0.00    0.00
157  0.03120  -10.56   11.50   -0.00    0.00
158  0.03140  -10.52   10.32   -0.00    0.00
159  0.03160  -10.48    3.60   -0.00    0.00
160  0.03180  -10.38   10.34   -0.00    0.00
161  0.03200  -10.31   10.33   -0.00    0.00
162  0.03220  -10.30    9.86   -0.00    0.00
163  0.03240  -10.23   11.39   -0.00    0.00
164  0.03260  -10.18   10.93   -0.00    0.00
165  0.03280  -10.07    9.64   -0.00    0.00
166  0.03300  -10.02    9.92   -0.00    0.00
167  0.03320   -9.95    9.71   -0.00    0.00
168  0.03340   -9.90    9.17   -0.00    0.00
169  0.03360   -9.85   11.29   -0.00    0.00
170  0.03380   -9.80   10.09   -0.00    0.00
171  0.03400   -9.78    9.22   -0.00    0.00
172  0.03420   -9.71    9.79   -0.00    0.00
173  0.03440   -9.64    9.56   -0.00    0.00
174  0.03460   -9.58    9.74   -0.00    0.00
175  0.03480   -9.52    8.53   -0.00    0.00
176  0.03500   -9.47    9.14   -0.00    0.00
177  0.03520   -9.41    8.95   -0.00    0.00
178  0.03540   -9.33    9.25   -0.00    0.00
179  0.03560   -9.28    9.30   -0.00    0.00
180  0.03580   -9.23    9.28   -0.00    0.00
181  0.03600   -9.19    9.01   -0.00    0.00
182  0.03620   -9.13    9.12   -0.00    0.00
183  0.03640   -9.03    8.88   -0.00    0.00
184  0.03660   -8.96    9.19   -0.00    0.00
185  0.03680   -8.86    9.00   -0.00    0.00
186  0.03700   -8.82    9.42   -0.00    0.00
187  0.03720   -8.75    9.93   -0.00    0.00
188  0.03740   -8.71    7.81   -0.00    0.00
189  0.03760   -8.69    8.67   -0.00    0.00
190  0.03780   -8.64    7.76   -0.00    0.00
191  0.03800   -8.57    8.82   -0.00    0.00
192  0.03820   -8.47    9.88   -0.00    0.00
193  0.03840   -8.43    8.28   -0.00    0.00
194  0.03860   -8.33    8.51   -0.00    0.00
195  0.03880   -8.31   10.59   -0.00    0.00
196  0.03900   -8.25   11.40   -0.00    0.00
197  0.03920   -8.18    8.09   -0.00    0.00
198  0.03940   -8.16    8.23   -0.00    0.00
199  0.03960   -8.11    7.89   -0.00    0.00
200  0.03980   -8.04    7.51   -0.00    0.00
201  0.04000   -7.97    7.65   -0.00    0.00
202  0.04020   -7.86    7.93   -0.00    0.00
203  0.04040   -7.82    7.67   -0.00    0.00
204  0.04060   -7.76    5.45   -0.00    0.00
205  0.04080   -7.71    7.42   -0.00    0.00
206  0.04100   -7.60    9.02   -0.00    0.00
207  0.04120   -7.52    7.25   -0.00    0.00
208  0.04140   -7.47    6.72   -0.00    0.00
209  0.04160   -7.40    7.28   -0.00    0.00
210  0.04180   -7.33    0.36   -0.00    0.00
211  0.04200   -7.28    7.50   -0.00    0.00
212  0.04220   -7.26    7.09   -0.00    0.00
213  0.04240   -7.20    7.29   -0.00    0.00
214  0.04260   -7.15    6.87   -0.00    0.00
215  0.04280   -7.10    8.55   -0.00    0.00
216  0.04300   -7.04    7.65   -0.00    0.00
217  0.04320   -6.97    6.54   -0.00    0.00
218  0.04340   -6.90    8.61   -0.00    0.00
219  0.04360   -6.88    8.80   -0.00    0.00
220  0.04380   -6.79    6.82   -0.00    0.00
221  0.04400   -6.75    6.98   -0.00    0.00
222  0.04420   -6.69    6.20   -0.00    0.00
223  0.04440   -6.62    8.45   -0.00    0.00
224  0.04460   -6.54    1.22   -0.00    0.00
225  0.04480   -6.49    6.09   -0.00    0.00
226  0.04500   -6.42    6.26   -0.00    0.00
227  0.04520   -6.35    6.13   -0.00    0.00
228  0.04540   -6.27    6.31   -0.00    0.00
229  0.04560   -6.20    4.93   -0.00    0.00
230  0.04580   -6.13    5.29   -0.00    0.00
231  0.04600   -6.07   -8.59   -0.00    0.00
232  0.04620   -6.04    5.29   -0.00    0.00
233  0.04640   -6.01    5.93   -0.00    0.00
234  0.04660   -5.92    4.15   -0.00    0.00
235  0.04680   -5.86    4.60   -0.00    0.00
236  0.04700   -5.80    4.78   -0.00    0.00
237  0.04720   -5.75    5.83   -0.00    0.00
238  0.04740   -5.68    5.85   -0.00    0.00
239  0.04760   -5.59    5.69   -0.00    0.00
240  0.04780   -5.53    4.77   -0.00    0.00
241  0.04800   -5.46    4.71   -0.00    0.00
242  0.04820   -5.38    5.22   -0.00    0.00
243  0.04840   -5.35    6.08   -0.00    0.00
244  0.04860   -5.29    5.30   -0.00    0.00
245  0.04880   -5.24    5.00   -0.00    0.00
246  0.04900   -5.16    5.27   -0.00    0.00
247  0.04920   -5.11    6.03   -0.00    0.00
248  0.04940   -5.05    4.53   -0.00    0.00
249  0.04960   -4.98    4.78   -0.00    0.00
250  0.04980   -4.92    4.44   -0.00    0.00
251  0.05000   -4.91    4.76   -0.00    0.00
252  0.05020   -5.05    5.21   -0.00    0.00
253  0.05040   -5.25    6.24   -0.00    0.00
254  0.05060   -5.36    5.39   -0.00    0.00
255  0.05080   -5.39    4.73   -0.00    0.00
256  0.05100   -5.43    4.57   -0.00    0.00
257  0.05120   -5.41    5.10   -0.00    0.00
258  0.05140   -5.43    4.78   -0.00    0.00
259  0.05160   -5.44    6.62   -0.00    0.00
260  0.05180   -5.44    5.66   -0.00    0.00
261  0.05200   -5.40    3.60   -0.00    0.00
262  0.05220   -5.26    4.37   -0.00    0.00
263  0.05240   -5.20    3.24   -0.00    0.00
264  0.05260   -5.19    6.28   -0.00    0.00
265  0.05280   -5.10    3.12   -0.00    0.00
266  0.05300   -5.09    5.95   -0.00    0.00
267  0.05320   -5.02    5.54   -0.00    0.00
268  0.05340   -4.99    5.47   -0.00    0.00
269  0.05360   -4.87    6.41   -0.00    0.00
270  0.05380   -4.84    5.38   -0.00    0.00
271  0.05400   -4.80    4.83   -0.00    0.00
272  0.05420   -4.69    3.18   -0.00    0.00
273  0.05440   -4.61    3.87   -0.00    0.00
274  0.05460   -4.57    2.29   -0.00    0.00
275  0.05480   -4.46    3.45   -0.00    0.00
276  0.05500   -4.39    4.41   -0.00    0.00
277  0.05520   -4.22    4.32   -0.00    0.00
278  0.05540   -4.00    3.63   -0.00    0.00
279  0.05560   -3.99    2.82   -0.00    0.00
280  0.05580   -4.04    3.98   -0.00    0.00
281  0.05600   -3.97    6.42   -0.00    0.00
282  0.05620   -3.74    2.65   -0.00    0.00
283  0.05640   -3.71    4.61   -0.00    0.00
284  0.05660   -3.61    5.14   -0.00    0.00
285  0.05680   -3.53    3.49   -0.00    0.00
286  0.05700   -3.51    4.99   -0.00    0.00
287  0.05720   -3.41    2.01   -0.00    0.00
288  0.05740   -3.37    2.96   -0.00    0.00
289  0.05760   -3.22    5.46   -0.00    0.00
290  0.05780   -3.23    4.06   -0.00    0.00
291  0.05800   -3.14    4.81   -0.00    0.00
292  0.05820   -2.98    2.95   -0.00    0.00
293  0.05840   -2.99    4.95   -0.00    0.00
294  0.05860   -2.84    1.11   -0.00    0.00
295  0.05880   -2.74    3.73   -0.00    0.00
296  0.05900   -2.66    2.48   -0.00    0.00
297  0.05920   -2.63    3.87   -0.00    0.00
298  0.05940   -2.50    0.59   -0.00    0.00
299  0.05960   -2.57    4.95   -0.00    0.00
300  0.05980   -2.51    2.76   -0.00    0.00
301  0.06000   -2.43    0.63   -0.00    0.00
302  0.06020   -2.54    1.57   -0.00    0.00
303  0.06040   -2.44    4.77   -0.00    0.00
304  0.06060   -2.14    3.72   -0.00    0.00
305  0.06080   -2.19    3.67   -0.00    0.00
306  0.06100   -2.14    2.65   -0.00    0.00
307  0.06120   -2.02   -0.44   -0.00    0.00
308  0.06140   -1.95    0.81   -0.00    0.00
309  0.06160   -1.91    1.82   -0.00    0.00
310  0.06180   -1.84   -0.55   -0.00    0.00
311  0.06200   -1.84    2.20   -0.00    0.00
312  0.06220   -1.67    2.85   -0.00    0.00
313  0.06240   -1.70    1.84   -0.00    0.00
314  0.06260   -1.42    3.23   -0.00    0.00
315  0.06280   -1.41    1.47   -0.00    0.00
316  0.06300   -1.49    3.15   -0.00    0.00
317  0.06320   -1.35   -0.13   -0.00    0.00
318  0.06340   -1.49   -0.37   -0.00    0.00
319  0.06360   -1.15    3.22   -0.00    0.00
320  0.06380   -1.05    1.59   -0.00    0.00
321  0.06400   -1.14    1.61   -0.00    0.00
322  0.06420   -1.03   -1.39   -0.00    0.00
323  0.06440   -0.99    0.16   -0.00    0.00
324  0.06460   -0.87    2.55   -0.00    0.00
325  0.06480   -0.76    3.28   -0.00    0.00
326  0.06500   -0.66   -0.72   -0.00    0.00
327  0.06520   -0.60   -1.43   -0.00    0.00
328  0.06540   -0.57    0.70   -0.00    0.00
329  0.06560   -0.50   -1.31   -0.00    0.00
330  0.06580    0.97   -0.77   -0.00    0.00
331  0.06600    1.05   -1.37   -0.00    0.00
332  0.06620    1.12   -1.38   -0.00    0.00
333  0.06640    1.18   -0.76   -0.00    0.00
334  0.06660    1.27   -0.74   -0.00    0.00
335  0.06680    1.31   -1.13   -0.00    0.00
336  0.06700    1.43   -1.77   -0.00    0.00
337  0.06720    1.48   -3.84   -0.00    0.00
338  0.06740    1.60   -0.84   -0.00    0.00
339  0.06760    1.68   -1.43   -0.00    0.00
340  0.06780    1.71   -1.62   -0.00    0.00
341  0.06800    1.81   -0.77   -0.00    0.00
342  0.06820    1.81   -1.61   -0.00    0.00
343  0.06840    2.02   -5.83   -0.00    0.00
344  0.06860    2.10   -2.55   -0.00    0.00
345  0.06880    2.00   -2.77   -0.00    0.00
346  0.06900    2.23   -2.38   -0.00    0.00
347  0.06920    2.19   -1.33   -0.00    0.00
348  0.06940    2.19   -2.52   -0.00    0.00
349  0.06960    2.31   -3.20   -0.00    0.00
350  0.06980    2.36   -2.71   -0.00    0.00
351  0.07000    2.46   -2.02   -0.00    0.00
352  0.07020    2.53   -3.19   -0.00    0.00
353  0.07040    2.53   -2.18   -0.00    0.00
354  0.07060    2.56    2.36   -0.00    0.00
355  0.07080    2.77   -2.76   -0.00    0.00
356  0.07100    2.68   -2.01   -0.00    0.00
357  0.07120    2.82   -3.10   -0.00    0.00
358  0.07140    2.77   -2.18   -0.00    0.00
359  0.07160    2.86   -2.56   -0.00    0.00
360  0.07180    3.18   -2.84   -0.00    0.00
361  0.07200    3.02   -2.96   -0.00    0.00
362  0.07220    3.01   -1.48   -0.00    0.00
363  0.07240    3.02   -2.99   -0.00    0.00
364  0.07260    3.27   -3.24   -0.00    0.00
365  0.07280    3.32   -6.13   -0.00    0.00
366  0.07300    3.31   -2.52   -0.00    0.00
367  0.07320    3.30   -3.56   -0.00    0.00
368  0.07340    3.61   -3.48   -0.00    0.00
369  0.07360    3.54   -3.81   -0.00    0.00
370  0.07380    3.61   -3.44   -0.00    0.00
371  0.07400    3.77   -4.54   -0.00    0.00
372  0.07420    3.90   -4.58   -0.00    0.00
373  0.07440    3.84   -3.94   -0.00    0.00
374  0.07460    4.07   -3.52   -0.00    0.00
375  0.07480    4.06   -4.58   -0.00    0.00
376  0.07500    4.15   -4.03   -0.00    0.00
377  0.07520    4.25   -4.30   -0.00    0.00
378  0.07540    4.36   -4.31   -0.00    0.00
379  0.07560    4.53   -4.73   -0.00    0.00
380  0.07580    4.52   -5.06   -0.00    0.00
381  0.07600    4.49   -3.09   -0.00    0.00
382  0.07620    4.54   -5.13   -0.00    0.00
383  0.07640    4.72   -5.38   -0.00    0.00
384  0.07660    4.58   -4.34   -0.00    0.00
385  0.07680    4.80   -4.58   -0.00    0.00
386  0.07700    4.88   -4.68   -0.00    0.00
387  0.07720    4.87   -4.28   -0.00    0.00
388  0.07740    4.88   -4.64   -0.00    0.00
389  0.07760    5.13   -5.64   -0.00    0.00
390  0.07780    5.11   -5.00   -0.00    0.00
391  0.07800    5.11   -5.35   -0.00    0.00
392  0.07820    5.20   -4.73   -0.00    0.00
393  0.07840    5.27   -5.50   -0.00    0.00
394  0.07860    5.37   -4.37   -0.00    0.00
395  0.07880    5.47   -5.62   -0.00    0.00
396  0.07900    5.36   -6.54   -0.00    0.00
397  0.07920    5.44   -6.23   -0.00    0.00
398  0.07940    5.49   -5.59   -0.00    0.00
399  0.07960    5.59   -6.02   -0.00    0.00
400  0.07980    5.67   -6.22   -0.00    0.00
401  0.08000    5.73   -5.78   -0.00    0.00
402  0.08020    5.75   -5.77   -0.00    0.00
403  0.08040    5.79   -6.36   -0.00    0.00
404  0.08060    5.85   -6.00   -0.00    0.00
405  0.08080    5.94   -6.02   -0.00    0.00
406  0.08100    6.00   -6.36   -0.00    0.00
407  0.08120    6.05   -5.85   -0.00    0.00
408  0.08140    6.21   -6.64   -0.00    0.00
409  0.08160    6.25   -6.99   -0.00    0.00
410  0.08180    6.32   -6.17   -0.00    0.00
411  0.08200    6.40   -6.97   -0.00    0.00
412  0.08220    6.43   -0.20   -0.00    0.00
413  0.08240    6.67   -7.95   -0.00    0.00
414  0.08260    6.63   -6.65   -0.00    0.00
415  0.08280    6.71   -6.60   -0.00    0.00
416  0.08300    6.77   -6.63   -0.00    0.00
417  0.08320    6.92   -6.97   -0.00    0.00
418  0.08340    7.04   -7.62   -0.00    0.00
419  0.08360    7.07   -7.24   -0.00    0.00
420  0.08380    7.10   -6.15   -0.00    0.00
421  0.08400    7.18   -6.60   -0.00    0.00
422  0.08420    7.31   -7.98   -0.00    0.00
423  0.08440    7.40   -7.39   -0.00    0.00
424  0.08460    7.56   -7.49   -0.00    0.00
425  0.08480    7.53   -8.03   -0.00    0.00
426  0.08500    7.56   -7.56   -0.00    0.00
427  0.08520    7.63   -7.68   -0.00    0.00
428  0.08540    7.69   -8.78   -0.00    0.00
429  0.08560    7.90   -8.13   -0.00    0.00
430  0.08580    7.99   -7.96   -0.00    0.00
431  0.08600    8.21   -7.91   -0.00    0.00
432  0.08620    8.23   -8.49   -0.00    0.00
433  0.08640    8.09   -8.03   -0.00    0.00
434  0.08660    7.98   -7.86   -0.00    0.00
435  0.08680    8.37   -9.17   -0.00    0.00
436  0.08700    8.31   -7.95   -0.00    0.00
437  0.08720    8.38   -8.50   -0.00    0.00
438  0.08740    8.52   -8.55   -0.00    0.00
439  0.08760    8.63   -9.19   -0.00    0.00
440  0.08780    8.54   -8.22   -0.00    0.00
441  0.08800    8.49   -7.53   -0.00    0.00
442  0.08820    8.52   -8.10   -0.00    0.00
443  0.08840    8.68   -8.05   -0.00    0.00
444  0.08860    8.88   -9.18   -0.00    0.00
445  0.08880    8.99   -8.08   -0.00    0.00
446  0.08900    9.10   -8.84   -0.00    0.00
447  0.08920    9.16   -8.40   -0.00    0.00
448  0.08940    9.27   -9.37   -0.00    0.00
449  0.08960    9.35   -9.22   -0.00    0.00
450  0.08980    9.49   -9.39   -0.00    0.00
451  0.09000    9.51   -9.48   -0.00    0.00
452  0.09020    9.62  -10.83   -0.00    0.00
453  0.09040    9.64   -9.66   -0.00    0.00
454  0.09060    9.63   -9.59   -0.00    0.00
455  0.09080    9.72  -10.40   -0.00    0.00
456  0.09100    9.82   -9.43   -0.00    0.00
457  0.09120    9.93  -10.15   -0.00    0.00
458  0.09140    9.96   -9.74   -0.00    0.00
459  0.09160   10.11   -9.73   -0.00    0.00
460  0.09180   10.11   -9.15   -0.00    0.00
461  0.09200   10.23  -11.96   -0.00    0.00
462  0.09220   10.30  -11.11   -0.00    0.00
463  0.09240   10.36   -8.08   -0.00    0.00
464  0.09260   10.33  -10.92   -0.00    0.00
465  0.09280   10.52  -10.83   -0.00    0.00
466  0.09300   10.48  -11.26   -0.00    0.00
467  0.09320   10.61  -10.38   -0.00    0.00
468  0.09340   10.63  -10.69   -0.00    0.00
469  0.09360   10.75  -10.30   -0.00    0.00
470  0.09380   10.92   -9.61   -0.00    0.00
471  0.09400   11.09  -11.82   -0.00    0.00
472  0.09420   11.27  -11.31   -0.00    0.00
473  0.09440   11.26  -10.97   -0.00    0.00
474  0.09460   11.44  -11.98   -0.00    0.00
475  0.09480   11.38  -14.08   -0.00    0.00
476  0.09500   11.68  -12.07   -0.00    0.00
477  0.09520   11.72  -11.84   -0.00    0.00
478  0.09540   11.60  -12.14   -0.00    0.00
479  0.09560   11.64  -11.86   -0.00    0.00
480  0.09580   11.59  -11.87   -0.01    0.00
481  0.09600   11.59  -11.49   -0.01    0.00
482  0.09620   11.70  -11.75   -0.01    0.00
483  0.09640   11.75  -10.42   -0.01    0.00
484  0.09660   11.96  -12.30   -0.01    0.00
485  0.09680   12.04  -12.14   -0.01    0.00
486  0.09700   12.27  -12.28   -0.01    0.00
487  0.09720   12.14  -11.13   -0.01    0.00
488  0.09740   12.34  -12.23   -0.01    0.00
489  0.09760   12.52  -12.52   -0.01    0.00
490  0.09780   12.51  -12.21   -0.01    0.00
491  0.09800   12.57  -12.37   -0.01    0.00
492  0.09820   12.70  -12.67   -0.01    0.00
493  0.09840   12.78  -12.96   -0.01    0.00
494  0.09860   12.76  -13.54   -0.01    0.00
495  0.09880   12.92   -6.92   -0.01    0.00
496  0.09900   13.07  -13.14   -0.01    0.00
497  0.09920   13.07  -12.45   -0.01    0.00
498  0.09940   13.11  -13.15   -0.01    0.00
499  0.09960   13.17  -13.67   -0.01    0.00
500  0.09980   13.26  -12.59   -0.01    0.00
501  0.10000   13.37  -13.57   -0.01    0.00
502  0.10020   13.44  -13.60   -0.01    0.00
503  0.10040   13.51  -13.25   -0.01    0.00
504  0.10060   13.62  -14.10   -0.01    0.00
505  0.10080   13.48  -13.86   -0.01    0.00
506  0.10100   13.70  -13.71   -0.01    0.00
507  0.10120   13.84  -13.51   -0.01    0.00
508  0.10140   13.86  -13.67   -0.01    0.00
509  0.10160   13.86  -12.89   -0.01    0.00
510  0.10180   13.96  -13.04   -0.01    0.00
511  0.10200   14.01  -13.60   -0.01    0.00
512  0.10220   14.09  -14.55   -0.01    0.00
513  0.10240   14.18  -14.45   -0.01    0.00
514  0.10260   14.27  -16.73   -0.01    0.00
515  0.10280   14.35  -14.89   -0.01    0.00
516  0.10300   14.42  -13.94   -0.01    0.00
517  0.10320   14.48  -12.89   -0.01    0.00
518  0.10340   14.73  -15.11   -0.01    0.00
519  0.10360   14.48  -14.68   -0.01    0.00
520  0.10380   14.57  -15.10   -0.01    0.00
521  0.10400   14.70  -14.47   -0.01    0.00
522  0.10420   14.82  -14.82   -0.01    0.00
523  0.10440   14.97  -14.61   -0.01    0.00
524  0.10460   15.07  -15.28   -0.01    0.00
525  0.10480   15.11  -15.22   -0.01    0.00
526  0.10500   15.23  -15.42   -0.01    0.00
527  0.10520   15.29  -15.09   -0.01    0.00
528  0.10540   15.41  -15.37   -0.01    0.00
529  0.10560   15.39  -15.05   -0.01    0.00
530  0.10580   15.51  -13.88   -0.01    0.00
531  0.10600   15.62  -13.00   -0.01    0.00
532  0.10620   15.76  -15.34   -0.01    0.00
533  0.10640   15.61  -16.70   -0.01    0.00
534  0.10660   15.92  -15.33   -0.01    0.00
535  0.10680   15.86  -16.48   -0.01    0.00
536  0.10700   15.73  -15.54   -0.01    0.00
537  0.10720   15.93  -14.70   -0.01    0.00
538  0.10740   15.92  -16.10   -0.01    0.00
539  0.10760   15.96  -17.12   -0.01    0.00
540  0.10780   16.10  -16.86   -0.01    0.00
541  0.10800   16.13  -15.63   -0.01    0.00
542  0.10820   16.38  -16.08   -0.01    0.00
543  0.10840   16.13  -16.37   -0.01    0.00
544  0.10860   16.34  -17.04   -0.01    0.00
545  0.10880   16.45  -16.29   -0.01    0.00
546  0.10900   16.38  -17.69   -0.01    0.00
547  0.10920   16.53  -16.40   -0.01    0.00
548  0.10940   16.49  -16.62   -0.01    0.00
549  0.10960   16.53  -16.64   -0.01    0.00
550  0.10980   16.59  -16.34   -0.01    0.00
551  0.11000   16.72  -18.51   -0.01    0.00
552  0.11020   16.78  -16.92   -0.01    0.00
553  0.11040   16.96  -17.65   -0.01    0.00
554  0.11060   16.96  -17.09   -0.01    0.00
555  0.11080   16.95  -17.04   -0.01    0.00
556  0.11100   17.21  -17.00   -0.01    0.00
557  0.11120   17.13  -17.24   -0.01    0.00
558  0.11140   17.23  -16.42   -0.01    0.00
559  0.11160   17.35  -15.00   -0.01    0.00
560  0.11180   17.37  -17.47   -0.01    0.00
561  0.11200   17.40  -18.13   -0.01    0.00
562  0.11220   17.62  -20.51   -0.01    0.00
563  0.11240   17.70  -18.13   -0.01    0.00
564  0.11260   17.76  -16.45   -0.01    0.00
565  0.11280   17.84  -16.20   -0.01    0.00
566  0.11300   17.88  -17.48   -0.01    0.00
567  0.11320   17.91  -17.82   -0.01    0.00
568  0.11340   18.02  -17.65   -0.01    0.00
569  0.11360   18.07  -18.12   -0.01    0.00
570  0.11380   18.04  -11.98   -0.01    0.00
571  0.11400   18.17  -18.06   -0.01    0.00
572  0.11420   18.36  -16.55   -0.01    0.00
573  0.11440   18.43  -17.60   -0.01    0.00
574  0.11460   18.44  -18.41   -0.01    0.00
575  0.11480   18.50  -17.80   -0.01    0.00
576  0.11500   18.54  -17.26   -0.01    0.00
577  0.11520   18.66  -18.03   -0.01    0.00
578  0.11540   18.73  -19.09   -0.01    0.00
579  0.11560   18.85  -18.81   -0.01    0.00
580  0.11580   18.94  -18.40   -0.01    0.00
581  0.11600   18.82  -18.86   -0.01    0.00
582  0.11620   18.87  -18.42   -0.01    0.00
583  0.11640   19.20  -19.30   -0.01    0.00
584  0.11660   19.21  -18.89   -0.01    0.00
585  0.11680   19.31  -19.63   -0.01    0.00
586  0.11700   19.31  -17.66   -0.01    0.00
587  0.11720   19.33  -19.15   -0.01    0.00
588  0.11740   19.49  -19.42   -0.01    0.00
589  0.11760   19.64  -18.54   -0.01    0.00
590  0.11780   19.73  -20.38   -0.01    0.00
591  0.11800   19.64  -20.05   -0.01    0.00
592  0.11820   19.91  -20.02   -0.01    0.00
593  0.11840   19.91  -19.66   -0.01    0.00
594  0.11860   19.87  -19.77   -0.01    0.00
595  0.11880   20.21  -21.22   -0.01    0.00
596  0.11900   20.29  -21.03   -0.01    0.00
597  0.11920   20.41  -20.53   -0.01    0.00
598  0.11940   20.28  -20.24   -0.01    0.00
599  0.11960   20.14  -19.03   -0.01    0.00
600  0.11980   20.25  -19.82   -0.01    0.00
601  0.12000   20.34  -20.41   -0.01    0.00
602  0.12020   20.45  -20.52   -0.01    0.00
603  0.12040   20.57  -20.57   -0.01    0.00
604  0.12060   20.67  -20.12   -0.01    0.00
605  0.12080   20.79  -21.52   -0.01    0.00
606  0.12100   20.92  -18.61   -0.01    0.00
607  0.12120   20.92  -20.01   -0.01    0.00
608  0.12140   21.15  -21.96   -0.01    0.00
609  0.12160   21.28  -21.44   -0.01    0.00
610  0.12180   21.36  -21.84   -0.01    0.00
611  0.12200   21.24  -20.60   -0.01    0.00
612  0.12220   21.31  -20.55   -0.01    0.00
613  0.12240   21.62  -22.21   -0.01    0.00
614  0.12260   21.44  -22.37   -0.01    0.00
615  0.12280   21.58  -21.75   -0.01    0.00
616  0.12300   21.77  -22.21   -0.01    0.00
617  0.12320   22.05  -22.15   -0.01    0.00
618  0.12340   21.97  -22.29   -0.01    0.00
619  0.12360   22.10  -21.62   -0.01    0.00
620  0.12380   22.38  -22.74   -0.01    0.00
621  0.12400   22.21  -21.12   -0.01    0.00
622  0.12420   22.41  -21.58   -0.01    0.00
623  0.12440   22.39  -22.69   -0.01    0.00
624  0.12460   22.35  -22.22   -0.01    0.00
625  0.12480   22.60  -21.78   -0.01    0.00
626  0.12500   22.60  -22.19   -0.01    0.00
627  0.12520   22.75  -22.77   -0.01    0.00
628  0.12540   22.71  -21.80   -0.01    0.00
629  0.12560   22.71  -23.69   -0.01    0.00
630  0.12580   22.92  -22.52   -0.01    0.00
631  0.12600   23.01  -21.38   -0.01    0.00
632  0.12620   23.09  -22.96   -0.01    0.00
633  0.12640   23.20  -23.66   -0.01    0.00
634  0.12660   22.81  -22.26   -0.01    0.00
635  0.12680   23.33  -22.39   -0.01    0.00
636  0.12700   23.30  -23.64   -0.01    0.00
637  0.12720   23.56  -23.28   -0.01    0.00
638  0.12740   23.47  -24.60   -0.01    0.00
639  0.12760   23.72  -23.96   -0.01    0.00
640  0.12780   23.64  -23.38   -0.01    0.00
641  0.12800   23.74  -23.71   -0.01    0.00
642  0.12820   23.80  -24.19   -0.01    0.00
643  0.12840   24.05  -28.01   -0.01    0.00
644  0.12860   24.10  -23.77   -0.01    0.00
645  0.12880   24.18  -24.24   -0.01    0.00
646  0.12900   24.26  -23.44   -0.01    0.00
647  0.12920   24.31  -24.51   -0.01    0.00
648  0.12940   24.41  -31.39   -0.01    0.00
649  0.12960   24.51  -24.55   -0.01    0.00
650  0.12980   24.59  -23.42   -0.01    0.00
651  0.13000   24.63  -24.69   -0.01    0.00
652  0.13020   24.77  -25.11   -0.01    0.00
653  0.13040   24.80  -25.57   -0.01    0.00
654  0.13060   24.91  -24.36   -0.01    0.00
655  0.13080   25.01  -26.15   -0.01    0.00
656  0.13100   25.00  -25.09   -0.01    0.00
657  0.13120   25.09  -25.63   -0.01    0.00
658  0.13140   25.32  -25.20   -0.01    0.00
659  0.13160   25.50  -26.80   -0.01    0.00
660  0.13180   25.38  -25.13   -0.01    0.00
661  0.13200   25.55  -28.60   -0.01    0.00
662  0.13220   25.68  -25.57   -0.01    0.00
663  0.13240   25.78  -27.73   -0.01    0.00
664  0.13260   25.86  -26.78   -0.01    0.00
665  0.13280   25.91  -25.64   -0.01    0.00
666  0.13300   25.98  -26.46   -0.01    0.00
667  0.13320   26.07  -24.63   -0.01    0.00
668  0.13340   26.16  -27.09   -0.01    0.00
669  0.13360   26.26  -26.59   -0.01    0.00
670  0.13380   26.35  -26.42   -0.01    0.00
671  0.13400   26.42  -24.90   -0.01    0.00
672  0.13420   26.49  -26.84   -0.01    0.00
673  0.13440   26.53  -26.12   -0.01    0.00
674  0.13460   26.66  -25.94   -0.01    0.00
675  0.13480   26.67  -25.97   -0.01    0.00
676  0.13500   26.74  -27.26   -0.01    0.00
677  0.13520   26.84  -30.53   -0.01    0.00
678  0.13540   26.94  -25.91   -0.01    0.00
679  0.13560   27.06  -28.67   -0.01    0.00
680  0.13580   27.16  -27.85   -0.01    0.00
681  0.13600   27.22  -27.42   -0.01    0.00
682  0.13620   27.28  -27.00   -0.01    0.00
683  0.13640   27.41  -27.26   -0.01    0.00
684  0.13660   27.53  -27.52   -0.01    0.00
685  0.13680   27.69  -26.79   -0.01    0.00
686  0.13700   27.78  -26.15   -0.01    0.00
687  0.13720   27.83  -28.25   -0.01    0.00
688  0.13740   27.91  -27.88   -0.01    0.00
689  0.13760   27.89  -28.86   -0.01    0.00
690  0.13780   28.02  -27.00   -0.01    0.00
691  0.13800   28.13  -28.10   -0.01    0.00
692  0.13820   28.22  -28.21   -0.01    0.00
693  0.13840   28.29  -29.04   -0.01    0.00
694  0.13860   28.42  -28.47   -0.01    0.00
695  0.13880   28.50  -28.86   -0.01    0.00
696  0.13900   28.59  -24.59   -0.01    0.00
697  0.13920   28.71  -30.78   -0.01    0.00
698  0.13940   28.80  -30.26   -0.01    0.00
699  0.13960   28.87  -30.29   -0.01    0.00
700  0.13980   28.97  -29.30   -0.01    0.00
701  0.14000   29.07  -29.77   -0.01    0.00
702  0.14020   29.16  -29.27   -0.01    0.00
703  0.14040   29.26  -29.38   -0.01    0.00
704  0.14060   29.36  -29.41   -0.01    0.00
705  0.14080   29.44  -29.15   -0.01    0.00
706  0.14100   29.55  -28.52   -0.01    0.00
707  0.14120   29.66  -29.89   -0.01    0.00
708  0.14140   29.76  -29.44   -0.01    0.00
709  0.14160   29.84  -29.52   -0.01    0.00
710  0.14180   29.94  -29.23   -0.01    0.00
711  0.14200   30.05  -29.55   -0.01    0.00
712  0.14220   30.14  -30.24   -0.01    0.00
713  0.14240   30.25  -27.75   -0.01    0.00
714  0.14260   30.35  -29.90   -0.01    0.00
715  0.14280   30.41  -22.12   -0.02    0.00
716  0.14300   30.51  -30.34   -0.02    0.00
717  0.14320   30.59  -30.73   -0.02    0.00
718  0.14340   30.70  -31.47   -0.02    0.00
719  0.14360   30.78  -29.29   -0.02    0.00
720  0.14380   30.90  -31.35   -0.02    0.00
721  0.14400   31.02  -30.98   -0.02    0.00
722  0.14420   31.11  -31.29   -0.02    0.00
723  0.14440   31.19  -31.60   -0.02    0.00
724  0.14460   31.33  -31.29   -0.02    0.00
725  0.14480   31.45  -31.16   -0.02    0.00
726  0.14500   31.55  -31.44   -0.02    0.00
727  0.14520   31.51  -31.27   -0.02    0.00
728  0.14540   31.69  -31.68   -0.02    0.00
729  0.14560   31.63  -31.03   -0.02    0.00
730  0.14580   31.88  -32.39   -0.02    0.00
731  0.14600   31.92  -31.24   -0.02    0.00
732  0.14620   31.94  -32.26   -0.02    0.00
733  0.14640   32.00  -31.39   -0.02    0.00
734  0.14660   32.12  -32.26   -0.02    0.00
735  0.14680   32.25  -33.82   -0.02    0.00
736  0.14700   32.35  -32.35   -0.02    0.00
737  0.14720   32.46  -34.78   -0.02    0.00
738  0.14740   32.54  -31.78   -0.02    0.00
739  0.14760   32.63  -32.23   -0.02    0.00
740  0.14780   32.79  -31.88   -0.02    0.00
741  0.14800   32.83  -33.47   -0.02    0.00
742  0.14820   32.88  -32.48   -0.02    0.00
743  0.14840   33.06  -27.68   -0.02    0.00
744  0.14860   33.20  -33.44   -0.02    0.00
745  0.14880   33.23  -33.84   -0.02    0.00
746  0.14900   33.31  -33.18   -0.02    0.00
747  0.14920   33.45  -33.28   -0.02    0.00
748  0.14940   33.48  -32.95   -0.02    0.00
749  0.14960   33.39  -33.88   -0.02    0.00
750  0.14980   33.51  -33.86   -0.02    0.00
751  0.15000   33.61  -34.34   -0.02    0.00
752  0.15020   33.73  -34.48   -0.02    0.00
753  0.15040   33.83  -33.53   -0.02    0.00
754  0.15060   33.90  -34.46   -0.02    0.00
755  0.15080   33.67  -35.06   -0.02    0.00
756  0.15100   33.42  -33.39   -0.02    0.00
757  0.15120   33.34  -32.14   -0.02    0.00
758  0.15140   33.18  -33.94   -0.02    0.00
759  0.15160   33.01  -34.96   -0.02    0.00
760  0.15180   33.03  -35.37   -0.02    0.00
761  0.15200   33.10  -33.17   -0.03    0.00
762  0.15220   33.21  -31.80   -0.03    0.00
763  0.15240   33.25  -33.01   -0.03    0.00
764  0.15260   33.34  -35.10   -0.03    0.00
765  0.15280   33.38  -37.62   -0.03    0.00
766  0.15300   33.59  -35.27   -0.03    0.00
767  0.15320   33.58  -31.35   -0.03    0.00
768  0.15340   33.74  -35.33   -0.03    0.00
769  0.15360   33.75  -32.68   -0.03    0.00
770  0.15380   33.84  -33.24   -0.03    0.00
771  0.15400   33.86  -34.82   -0.03    0.00
772  0.15420   34.01  -32.61   -0.03    0.00
773  0.15440   34.20  -34.45   -0.03    0.00
774  0.15460   34.25  -35.83   -0.03    0.00
775  0.15480   34.64  -32.34   -0.03    0.00
776  0.15500   34.60  -33.35   -0.03    0.00
777  0.15520   34.37  -33.03   -0.03    0.00
778  0.15540   34.40  -35.62   -0.03    0.00
779  0.15560   34.68  -33.44   -0.03    0.00
780  0.15580   34.67  -36.51   -0.03    0.00
781  0.15600   34.83  -33.95   -0.03    0.00
782  0.15620   35.04  -36.57   -0.04    0.00
783  0.15640   35.07  -33.43   -0.04    0.00
784  0.15660   35.36  -33.74   -0.04    0.00
785  0.15680   35.47  -35.08   -0.04    0.00
786  0.15700   35.40  -39.15   -0.04    0.00
787  0.15720   35.54  -36.75   -0.04    0.00
788  0.15740   35.55  -33.16   -0.04    0.00
789  0.15760   35.69  -34.76   -0.04    0.00
790  0.15780   35.39  -36.35   -0.04    0.00
791  0.15800   35.64  -33.67   -0.04    0.00
792  0.15820   36.02  -33.14   -0.04    0.00
793  0.15840   36.23  -35.81   -0.05    0.00
794  0.15860   35.82  -35.14   -0.05    0.00
795  0.15880   36.36  -41.11   -0.05    0.00
796  0.15900   36.64  -38.85   -0.05    0.00
797  0.15920   36.54  -37.81   -0.05    0.00
798  0.15940   36.54  -36.45   -0.05    0.00
799  0.15960   36.48  -37.22   -0.05    0.00
800  0.15980   36.19  -36.92   -0.06    0.00
801  0.16000   36.72  -33.12   -0.06    0.00
802  0.16020   36.53  -36.03   -0.06    0.00
803  0.16040   36.69  -33.69   -0.06    0.00
804  0.16060   36.83  -33.82   -0.06    0.00
805  0.16080   36.74  -39.41   -0.07    0.00
806  0.16100   36.87  -36.55   -0.07    0.00
807  0.16120   37.05  -38.11   -0.07    0.00
808  0.16140   37.43  -37.54   -0.08    0.00
809  0.16160   37.33  -38.30   -0.08    0.00
810  0.16180   37.29  -36.15   -0.08    0.00
811  0.16200   37.31  -36.79   -0.09    0.00
812  0.16220   37.25  -39.47   -0.09    0.00
813  0.16240   37.29  -34.89   -0.10    0.00
814  0.16260   37.94  -36.61   -0.10    0.00
815  0.16280   37.77  -36.61   -0.11    0.00
816  0.16300   38.77  -41.96   -0.11    0.00
817  0.16320   37.26  -37.89   -0.12    0.00
818  0.16340   38.08  -36.02   -0.13    0.00
819  0.16360   38.13  -34.38   -0.14    0.00
820  0.16380   38.32  -40.84   -0.16    0.00
821  0.16400   38.12  -38.11   -0.17    0.00
822  0.16420   38.32  -35.81   -0.19    0.00
823  0.16440   38.51  -39.77   -0.21    0.00
824  0.16460   39.37  -44.46   -0.24    0.00
825  0.16480   38.66  -39.65   -0.28    0.00
826  0.16500   38.71  -38.28   -0.33    0.00
827  0.16520   38.73  -37.27   -0.41    0.00
828  0.16540   38.87  -38.06   -0.53    0.00
829  0.16560   38.97  -39.69   -0.76    0.00
830  0.16580   39.01  -32.83   -1.32    0.00
831  0.16600   39.12  -37.62   -5.32    0.00
832  0.16620   39.27  -40.70 -177.38    0.00
833  0.16640   39.33  -38.50 -178.95    0.00
834  0.16660   39.20  -36.81 -179.34    0.00
835  0.16680   39.45  -36.22 -179.52    0.00
836  0.16700   39.64  -40.41 -179.62    0.00
837  0.16720   39.78  -38.22 -179.69    0.00
838  0.16740   39.85  -39.85 -179.74    0.00
839  0.16760   39.92  -39.45 -179.77    0.00
840  0.16780   39.98  -40.39 -179.80    0.00
841  0.16800   40.08  -41.22 -179.82    0.00
842  0.16820   40.29  -40.36 -179.84    0.00
843  0.16840   40.47  -41.89 -179.85    0.00
844  0.16860   40.42  -44.23 -179.86    0.00
845  0.16880   40.46  -38.79 -179.87    0.00
846  0.16900   40.63  -38.79 -179.88    0.00
847  0.16920   40.79  -42.52 -179.89    0.00
848  0.16940   40.74  -41.52 -179.89    0.00
849  0.16960   40.98  -39.02 -179.90    0.00
850  0.16980   41.09  -42.16 -179.91    0.00
851  0.17000   41.46  -38.89 -179.91    0.00
852  0.17020   41.41  -41.45 -179.91    0.00
853  0.17040   41.41  -39.29 -179.92    0.00
854  0.17060   41.43  -42.18 -179.92    0.00
855  0.17080   41.96  -40.94 -179.93    0.00
856  0.17100   41.64  -43.51 -179.93    0.00
857  0.17120   41.53  -40.59 -179.93    0.00
858  0.17140   41.98  -40.90 -179.93    0.00
859  0.17160   42.14  -44.70 -179.94    0.00
860  0.17180   42.37  -42.48 -179.94    0.00
861  0.17200   42.66  -51.34 -179.94    0.00
862  0.17220   42.67  -44.00 -179.94    0.00
863  0.17240   42.60  -42.42 -179.94    0.00
864  0.17260   42.39  -42.05 -179.95    0.00
865  0.17280   42.66  -42.11 -179.95    0.00
866  0.17300   42.78  -44.33 -179.95    0.00
867  0.17320   42.85  -44.20 -179.95    0.00
868  0.17340   43.11  -45.16 -179.95    0.00
869  0.17360   43.28  -41.49 -179.95    0.00
870  0.17380   43.35  -46.21 -179.95    0.00
871  0.17400   43.35  -42.60 -179.96    0.00
872  0.17420   43.40  -44.75 -179.96    0.00
873  0.17440   43.49  -41.78 -179.96    0.00
874  0.17460   43.73  -44.49 -179.96    0.00
875  0.17480   43.69  -42.95 -179.96    0.00
876  0.17500   43.92  -43.02 -179.96    0.00
877  0.17520   43.98  -42.49 -179.96    0.00
878  0.17540   43.98  -45.77 -179.96    0.00
879  0.17560   44.16  -46.41 -179.96    0.00
880  0.17580   44.27  -46.92 -179.96    0.00
881  0.17600   44.29  -42.29 -179.96    0.00
882  0.17620   44.34  -42.97 -179.97    0.00
883  0.17640   44.52  -41.44 -179.97    0.00
884  0.17660   44.58  -40.09 -179.97    0.00
885  0.17680   44.71  -45.27 -179.97    0.00
886  0.17700   44.83  -42.56 -179.97    0.00
887  0.17720   44.94  -47.14 -179.97    0.00
888  0.17740   45.00  -42.21 -179.97    0.00
889  0.17760   45.18  -43.07 -179.97    0.00
890  0.17780   45.34  -45.32 -179.97    0.00
891  0.17800   45.28  -48.98 -179.97    0.00
892  0.17820   45.60  -44.51 -179.97    0.00
893  0.17840   45.42  -47.05 -179.97    0.00
894  0.17860   45.66  -47.53 -179.97    0.00
895  0.17880   45.75  -45.09 -179.97    0.00
896  0.17900   45.86  -48.36 -179.97    0.00
897  0.17920   45.97  -44.78 -179.97    0.00
898  0.17940   46.02  -48.37 -179.97    0.00
899  0.17960   46.14  -43.60 -179.97    0.00
900  0.17980   46.36  -43.39 -179.97    0.00
901  0.18000   46.37  -52.54 -179.97    0.00
902  0.18020   46.70  -44.73 -179.98    0.00
903  0.18040   46.59  -47.82 -179.98    0.00
904  0.18060   46.82  -43.95 -179.98    0.00
905  0.18080   46.83  -46.20 -179.98    0.00
906  0.18100   46.92  -49.15 -179.98    0.00
907  0.18120   46.98  -47.08 -179.98    0.00
908  0.18140   47.23  -45.70 -179.98    0.00
909  0.18160   47.11  -45.66 -179.98    0.00
910  0.18180   47.39  -49.18 -179.98    0.00
911  0.18200   47.30  -48.33 -179.98    0.00
912  0.18220   47.31  -46.07 -179.98    0.00
913  0.18240   47.43  -49.67 -179.98    0.00
914  0.18260   47.58  -48.78 -179.98    0.00
915  0.18280   47.69  -45.69 -179.98    0.00
916  0.18300   47.88  -46.74 -179.98    0.00
917  0.18320   48.00  -50.02 -179.98    0.00
918  0.18340   48.03  -46.02 -179.98    0.00
919  0.18360   48.16  -50.14 -179.98    0.00
920  0.18380   48.31  -49.34 -179.98    0.00
921  0.18400   48.53  -51.66 -179.98    0.00
922  0.18420   48.53  -51.74 -179.98    0.00
923  0.18440   48.62  -51.49 -179.98    0.00
924  0.18460   48.74  -47.09 -179.98    0.00
925  0.18480   48.69  -47.11 -179.98    0.00
926  0.18500   49.10  -47.15 -179.98    0.00
927  0.18520   49.00  -51.91 -179.98    0.00
928  0.18540   49.14  -46.22 -179.98    0.00
929  0.18560   49.25  -51.50 -179.98    0.00
930  0.18580   49.43  -48.47 -179.98    0.00
931  0.18600   49.37  -51.52 -179.98    0.00
932  0.18620   49.66  -53.53 -179.98    0.00
933  0.18640   49.71  -48.20 -179.98    0.00
934  0.18660   49.86  -48.23 -179.98    0.00
935  0.18680   49.84  -53.74 -179.98    0.00
936  0.18700   49.91  -47.10 -179.98    0.00
937  0.18720   50.16  -47.68 -179.98    0.00
938  0.18740   50.16  -49.71 -179.98    0.00
939  0.18760   50.06  -50.35 -179.98    0.00
940  0.18780   50.36  -53.18 -179.98    0.00
941  0.18800   50.52  -52.86 -179.98    0.00
942  0.18820   50.46  -48.34 -179.98    0.00
943  0.18840   50.65  -49.75 -179.98    0.00
944  0.18860   50.87  -53.02 -179.98    0.00
945  0.18880   50.75  -52.25 -179.98    0.00
946  0.18900   51.26  -51.49 -179.98    0.00
947  0.18920   51.00  -48.27 -179.98    0.00
948  0.18940   51.14  -53.91 -179.98    0.00
949  0.18960   51.30  -51.08 -179.99    0.00
950  0.18980   51.23  -48.28 -179.99    0.00
951  0.19000   51.57  -52.05 -179.99    0.00
952  0.19020   51.69  -51.33 -179.99    0.00
953  0.19040   51.92  -49.13 -179.99    0.00
954  0.19060   51.94  -53.22 -179.99    0.00
955  0.19080   52.03  -50.67 -179.99    0.00
956  0.19100   52.37  -49.75 -179.99    0.00
957  0.19120   52.21  -51.32 -179.99    0.00
958  0.19140   52.36  -51.03 -179.99    0.00
959  0.19160   52.55  -52.27 -179.99    0.00
960  0.19180   52.55  -52.53 -179.99    0.00
961  0.19200   52.66  -50.10 -179.99    0.00
962  0.19220   52.84  -50.54 -179.99    0.00
963  0.19240   52.93  -53.39 -179.99    0.00
964  0.19260   52.87  -56.08 -179.99    0.00
965  0.19280   53.14  -50.13 -179.99    0.00
966  0.19300   53.30  -54.91 -179.99    0.00
967  0.19320   53.33  -51.91 -179.99    0.00
968  0.19340   53.56  -51.82 -179.99    0.00
969  0.19360   53.61  -57.02 -179.99    0.00
970  0.19380   53.86  -50.95 -179.99    0.00
971  0.19400   53.85  -54.92 -179.99    0.00
972  0.19420   54.12  -36.09 -179.99    0.00
973  0.19440   54.07  -52.18 -179.99    0.00
974  0.19460   54.20  -55.89 -179.99    0.00
975  0.19480   54.09  -52.83 -179.99    0.00
976  0.19500   54.34  -57.79 -179.99    0.00
977  0.19520   54.44  -53.15 -179.99    0.00
978  0.19540   54.46  -52.94 -179.99    0.00
979  0.19560   54.70  -53.13 -179.99    0.00
980  0.19580   54.85  -57.61 -179.99    0.00
981  0.19600   55.03  -53.73 -179.99    0.00
982  0.19620   55.44  -56.30 -179.99    0.00
983  0.19640   55.42  -58.18 -179.99    0.00
984  0.19660   55.70  -53.98 -179.99    0.00
985  0.19680   55.81  -58.46 -179.99    0.00
986  0.19700   55.84  -54.40 -179.99    0.00
987  0.19720   56.13  -52.66 -179.99    0.00
988  0.19740   56.10  -53.25 -179.99    0.00
989  0.19760   56.34  -53.75 -179.99    0.00
990  0.19780   56.33  -55.06 -179.99    0.00
991  0.19800   56.47  -58.61 -179.99    0.00
992  0.19820   56.54  -56.56 -179.99    0.00
993  0.19840   56.65  -54.01 -179.99    0.00
994  0.19860   56.78  -49.78 -179.99    0.00
995  0.19880   57.03  -55.90 -179.99    0.00
996  0.19900   56.93  -57.21 -179.99    0.00
997  0.19920   57.12  -57.11 -179.99    0.00
998  0.19940   57.66  -61.26 -179.99    0.00
999  0.19960   57.60  -55.11 -179.99    0.00
1000  0.19980   57.90  -57.80 -179.99    0.00
